1.7877995729777978 225.26689750860666 365.9140250181398 366.43116066702015 226.62077621416972 0.1143134596124089 227.16901054119688 367.81613805073005 368.3332736996105 228.5228892467601 
0.9907015349570508 1026.7402505425775 1660.6731927245187 1660.6486907555013 1026.6761035548982 0.9114114976336573 1024.8381375099868 1658.7710796919282 1658.7465777229113 1024.773990522308 
262.22393094121514 425.76785292531855 426.31965514501394 263.6685679074453 0.0582217697603383 264.12604397380534 427.66996595790886 428.22176817760425 265.57068094003574 1.843891262830023 
0.6824413477350182 86.9734380347951 140.406808774999 140.57282207906297 87.40806650741919 1.2196716848553224 85.07132500220477 138.5046957424087 138.67070904647267 85.5059534748289 
1.8892160162630531 41.795196790441445 66.10010422116441 65.52028976331565 40.27722283262479 0.012897016327270453 39.89308375785113 64.19799118857411 63.61817673072535 38.37510980003449 
513.2099937348697 829.3780829936337 829.1152053370637 512.521771095086 0.5257115330817386 511.3078807022792 827.4759699610433 827.2130923044734 510.6196580624959 1.3764014995084606 
117.43087979485784 71.73403995362091 1.7260362635589437 74.89009655787686 119.81195665184998 119.33299282744814 73.63615298621124 0.17607676903136332 72.98798352528654 117.90984361925966 
705.0949135483286 435.94889577987635 0.0780540825056407 436.43846120233394 706.4574814045756 706.9970265809188 437.8510088124667 1.8240589500846665 434.5363481697435 704.5553683719852 
246.94107900723492 398.1431314675582 397.6313113585949 245.60111656584303 0.12291418386673149 245.03896597464447 396.2410184349679 395.7291983260046 243.69900353325284 1.7791988487235217 
0.3364928049126723 108.30736813343336 175.27178133103249 175.65160259291912 109.30175310670253 1.565620227677685 106.40525510084304 173.36966829844215 173.74948956032884 107.39964007411223 
1280.6617074673507 790.558066525245 1.8751570131064712 793.9554055706967 1283.134946015991 1282.5638204999411 792.4601795578354 0.026956019483835778 792.0532925381063 1281.2328329834006 
3563.3421743291256 2202.592636725133 0.8908465263928703 2200.787945502668 3561.4772731167577 3561.4400612965355 2200.6905236925436 1.0112665061974369 2202.690058535258 3563.3793861493477 
156.84037634997736 97.87777078161795 1.8924547817545676 94.45244335856415 154.35644719238292 154.93826331738703 95.97565774902768 0.009658250835739504 96.35455639115445 156.25856022497322 
594.6612727610642 962.1763383048117 961.809474523036 593.7008109111338 1.5446545844496418 596.5633857936542 964.078451337402 963.7115875556262 595.6029239437242 0.35745844814077343 
5140.356206193851 1.7393526715326073 5137.178603188884 8313.505667645855 8313.992861462993 5138.454093161261 0.1627603610561292 5139.080716221475 8315.407780678446 8315.894974495583 
5253.7370257818275 1.8650051073945273 5250.356112864867 8496.756377499527 8497.321228792798 5251.834912749237 0.03710792519417465 5252.258225897458 8498.658490532118 8499.223341825387 
4114.802955827517 1.2072405586077637 4112.486328307089 6654.986626764735 6655.144957210258 4112.9008427949275 0.6948724739812862 4114.388441339679 6656.888739797325 6657.047070242848 
4989.000530655777 0.1733688774746368 4988.356742655428 8071.14085523967 8070.660217846247 4987.098417623188 1.7287441551141456 4990.258855688019 8073.04296827226 8072.562330878837 
4817.321732244182 0.6260129245328575 4815.945550790888 7792.62633080902 7792.425442821486 4815.419619211592 1.2761001080559773 4817.847663823479 7794.528443841611 7794.327555854076 
0.8397414149014104 2517.2307299374957 4073.4413487154743 4073.372552199352 2517.05061831998 1.0623716176880948 2519.1328429700848 4075.3434617480643 4075.274665231943 2518.9527313525705 
4403.222622331433 0.05379809247081335 4402.772303925282 7123.525759306257 7122.971223103643 4401.320509298844 1.848314940118148 4404.674416957872 7125.427872338848 7124.873336136233 
4919.685961465955 0.011004370170817235 4919.30488475699 7959.250237666365 7958.6692534888625 4917.783848433366 1.891108662417986 4921.206997789582 7961.152350698955 7960.571366521453 
956.7067718880334 590.4522179750767 1.6982857356003267 593.5633732818899 959.0706979755414 958.6088849206237 592.3543310076672 0.2038272969899804 591.6612602492995 957.1685849429509 
767.3753116921508 474.51258618900624 0.7654521152780077 472.9107873857234 765.5879084878507 765.4731986595605 472.6104731564161 1.1366609173122995 474.8129004183136 767.490021520441 
1.3211287601972566 488.2912693331344 789.1140126946462 788.8852954696218 487.692479864208 0.580984272393251 486.3891563005441 787.211899662056 786.9831824370316 485.7903668316178 
4962.712274415299 0.6991808303523867 4961.217704803504 8027.754781526163 8027.59911379131 4960.810161382709 1.2029322022364037 4963.119817836095 8029.656894558753 8029.501226823901 
427.0497894708872 691.842382795475 692.0114294859044 427.4923594521166 0.6775332254949116 428.9519025034773 693.7444958280653 693.9135425184946 429.394472484707 1.2245798070954497 
5011.132336223214 0.18718078551503625 5010.466200086207 8106.928520743528 8106.456419578725 5009.230223190624 1.7149322470737394 5012.368313118798 8108.830633776119 8108.358532611315 
5641.314328873097 1.838393437084949 5637.976474543195 9123.912685756279 9124.4610901328 5639.412215840507 0.0637195955036345 5639.878587575786 9125.81479878887 9126.36320316539 
4755.935461296737 1.8544682736370333 4752.5715973349315 7691.313575464934 7691.871914636808 4754.033348264149 0.04764475895182068 4754.473710367522 7693.215688497524 7693.774027669398 
4460.5667134710975 1.3152492765573978 4458.075324173947 7214.269376933206 7214.494460437506 4458.664600438509 0.5868637560315463 4459.977437206537 7216.171489965797 7216.396573470096 
3775.8824926786347 1.8664724322274568 3772.499205580223 6105.5351383290035 6106.1008964788925 3773.9803796460455 0.035640600361696674 3774.401318612813 6107.437251361594 6108.003009511483 
4133.68562773936 1.7771391234432894 4136.924370507832 6692.270372509995 6691.759825381262 4135.587740771952 0.12497390914828127 4135.0222574752415 6690.3682594774045 6689.857712348671 
5096.065441193676 0.17417478249641827 5095.4203492116085 8244.374215510737 8243.89407619401 5094.163328161086 1.7279382500923313 5097.3224622442 8246.276328543328 8245.796189226601 
5327.236842201899 0.01781585998422086 5326.844744270902 8618.670393620045 8618.09361917476 5325.334729169309 1.8842971726044582 5328.746857303493 8620.572506652634 8619.995732207351 
5298.291145848453 1.888537204228241 5294.872157198991 8568.808382373669 8569.387777302609 5296.389032815864 0.013575828360447224 5296.774270231582 8570.71049540626 8571.2898903352 
0.28789834089704514 974.4813034664386 1576.8192433331042 1577.2290976254176 975.5543159341505 1.614214691693663 972.5791904338481 1574.9171303005137 1575.3269845928276 973.6522029015601 
4798.150408881188 0.6061400611115546 4796.806382396364 7761.638632966852 7761.425462874269 4796.248295848599 1.2959729714772863 4798.708495428954 7763.540745999442 7763.327575906859 
1515.0897302467574 2450.031715411556 2449.508130068353 1513.71896602224 0.10387763498125621 1513.1876172141665 2448.129602378966 2447.6060170357628 1511.81685298965 1.7982353976087266 
4741.6531443512 1.8064325064475413 4738.367003893383 7668.282024712945 7668.81067614802 4739.751031318612 0.09568052614131725 4740.269116925973 7670.184137745535 7670.71278918061 
2765.605558828324 0.6447254211466665 2764.1990999194954 4472.849549498755 4472.660226470141 2763.7034457957348 1.2573876114427955 2766.1012129520855 4474.751662531345 4474.562339502731 
4699.72610363512 0.0076840315177545415 4699.350399346951 7603.3530839562745 7602.77004769663 4697.823990602531 1.8944290010711164 4701.252512379541 7605.255196988865 7604.672160729221 
4353.277948686151 1.2986027273208691 4350.81349407146 7040.699443582631 7040.9142389537055 4351.375835653563 0.6035103052681079 4352.71560710405 7042.601556615221 7042.816351986296 
4863.545677640329 0.1817963610660981 4862.888253685089 7868.13700305216 7867.6615741300375 4861.643564607739 1.7203166715227227 4864.79036671768 7870.03911608475 7869.5636871626275 
5554.695889316147 1.5556255675052904 5551.81556301015 8984.218634524563 8984.592278746755 5552.793776283557 0.3464874650833196 5553.717676042742 8986.120747557152 8986.494391779346 
3861.912182361837 1.2986027273208691 3859.447727747146 6245.652932761752 6245.867728132826 3860.010069329248 0.6035103052682581 3861.349840779736 6247.555045794342 6247.769841165416 
0.20047129487325008 739.5960896144305 1196.5288109735325 1196.0649237952402 738.3816172147168 1.701641737716723 741.4982026470207 1198.4309240061227 1197.967036827831 740.2837302473071 
5466.355324642526 1.7347213919285984 5463.1852152053725 8840.990815166128 8841.475146695058 5464.453211609937 0.16739164066003842 5465.087328237963 8842.892928198718 8843.37725972765 
384.1463047437905 620.1930982406112 619.7104790616239 382.8827913295789 0.17016228107100695 382.2441917112001 618.290985208021 617.8083660290337 380.9806782969887 1.7319507515192463 
4525.360700785905 0.6014106406211763 4524.024326664181 7320.263265850622 7320.047172815429 4523.458587753316 1.3007023919677478 4525.926439696771 7322.165378883212 7321.94928584802 
4666.433454226284 0.6059474724149922 4665.0897393565165 7548.516435055645 7548.303145936701 4664.531341193695 1.2961655601738888 4666.9918523891065 7550.418548088235 7550.205258969292 
4554.577994252219 1.8413764502754373 4551.235313305587 7365.531532913489 7366.081780893551 4552.675881219629 0.06073658231347809 4553.137426338177 7367.433645946079 7367.983893926142 
4615.995790236659 0.6084678152885117 4614.647997366459 7466.902502406852 7466.690770945469 4614.09367720407 1.2936452173003847 4616.550110399049 7468.804615439442 7468.592883978059 
4893.7151202576015 0.18739083833348646 4893.048644247993 7916.943134574179 7916.471163229156 4891.8130072250115 1.714722194255325 4894.950757280584 7918.845247606769 7918.3732762617465 
4371.108946896556 0.13721508556457274 4370.52365696034 7071.429769418879 7070.926787753235 4369.2068338639665 1.7648979470243986 4372.42576999293 7073.331882451469 7072.828900785825 
4840.931929906094 0.2134692720212864 4840.223258104406 7831.495942758705 7831.040088772075 4839.029816873504 1.6886437605675415 4842.125371136997 7833.398055791295 7832.942201804665 
3581.646948176821 0.053532644423827436 3581.197059274633 5794.188823697949 5793.6341234394185 3579.7448351442317 1.848580388165385 3583.099172307223 5796.090936730539 5795.5362364720095 
4076.2400559700736 0.18718078551503625 4075.573919833067 6594.241035474054 6593.768934309251 4074.337942937485 1.714932247074025 4077.4760328656566 6596.143148506645 6595.671047341842 
3973.753585468556 0.605422963388407 3972.4107192722217 6427.737712756259 6427.524099472909 3971.8514724359675 1.2966900692006857 3974.3128323048118 6429.639825788849 6429.426212505499 
4774.717505488012 0.18739083833348646 4774.051029478405 7724.400949296818 7723.928977951796 4772.8153924554235 1.7147221942553614 4775.953142510995 7726.303062329408 7725.831090984386 
3643.233245413361 0.4684633897330507 3642.111984462286 5893.166173819038 5892.867914864086 3641.331132380772 1.4336496428561432 3644.014097494876 5895.068286851628 5894.770027896676 
5235.3427724988505 1.2610581697859178 5232.939066254344 8467.97105716245 8468.162648720876 5233.440659466261 0.6410548628027897 5234.841179286935 8469.87317019504 8470.064761753467 
5500.767041273637 1.2651777201024754 5498.356669456698 8897.42987990671 8897.62401748725 5498.864928241047 0.6369353124861509 5500.258782489289 8899.3319929393 8899.52613051984 
587.6625557129076 587.2731086794569 362.9285660732673 0.3209179793542065 362.0460386110685 585.7604426803173 585.3709956468666 361.02645304067704 1.5811950532360195 363.94815164365883 
3944.7360519782114 1.8423988613010165 3941.39171673579 6378.784888253105 6379.33576811793 3942.8339389456223 0.05971417128808558 3943.29382976838 6380.687001285695 6381.2378811505205 
3745.9787270109987 0.13721508556457274 3745.393437074783 6059.947826249352 6059.444844583708 3744.0766139784096 1.7648979470245894 3747.295550107373 6061.849939281942 6061.346957616298 
5429.954078793037 1.7347213919285984 5426.783969355883 8782.092362148811 8782.576693677744 5428.051965760447 0.16739164066004947 5428.686082388474 8783.994475181402 8784.478806710335 
3406.5378990730323 0.035253349788012756 3406.117586690856 5510.886007030357 5510.320009546451 3404.6357860404432 1.8668596828012534 3408.019699723446 5512.788120062947 5512.222122579042 
103.72078152152214 103.14249221617366 63.53054783262102 0.015364764910757042 63.14241585676356 101.81866848893182 101.24037918358337 61.6284348000307 1.88674826767953 65.04452888935386 
5589.472683047839 1.7342539153197274 5586.303330003726 9040.199642064068 9040.683684676565 5587.570570015249 0.16785911726887204 5588.205443036317 9042.101755096657 9042.585797709155 
5283.869234413333 1.8865686074173136 5280.453431020421 8545.476424745455 8546.054603014654 5281.967121380744 0.01554442517137905 5282.355544053012 8547.378537778046 8547.956716047245 
899.5336649504289 1455.7668571871927 1456.309860938066 900.9552672262333 1.8296550412266064 897.6315519178382 1453.8647441546022 1454.4077479054756 899.0531541936433 0.07245799136353862 
0.6527066535647889 3772.985766762334 6104.52977430148 6104.714164657186 3773.4685069807724 1.2494063790271221 3771.083653729743 6102.627661268889 6102.812051624596 3771.5663939481824 
76.3756415336475 124.30653028399956 124.39327822542926 76.6027505927645 0.8106953986078369 78.27775456623777 126.20864331658987 126.29539125801955 78.50486362535482 1.0914176339824837 
4062.017956601866 0.1609108212724143 4061.3943261598865 6571.271700999943 6570.783364104354 4060.115843569277 1.7412022113166514 4063.2964391924766 6573.173814032533 6572.685477136945 
5762.341392046861 1.7327920478670924 5759.174404353972 9319.909454167024 9320.392593295748 5760.439279014271 0.16932098472145396 5761.076517386563 9321.811567199615 9322.294706328339 
2948.200718639314 0.6615316726955561 2946.767066644255 4768.267531167924 4768.088594973993 2946.298605606725 1.24058135989385 2948.669179676845 4770.169644200514 4769.990708006583 
5049.127277671107 1.888537204228241 5045.708289021644 8165.6527748943245 8166.2321698232645 5047.2251646385175 0.01357582836052339 5047.610402054235 8167.5548879269145 8168.1342828558545 
687.1108357861747 1112.5118959811427 1112.6079535358997 687.3623177294037 0.7956321278226924 689.0129488187647 1114.4140090137332 1114.51006656849 689.264430761994 1.1064809047677229 
1376.1332820963758 1376.488486651108 851.4351456920258 1.5257895588110097 848.6030950621871 1374.231169063785 1374.5863736185174 849.5330326594355 0.3763234737790811 850.5052080947771 
4491.598943040241 0.1450982358723637 4491.000897898888 7266.373923278567 7265.8758136677525 4489.696830007651 1.7570147967165708 4492.903010931478 7268.276036311158 7267.777926700343 
4023.824910899016 0.18718078551503625 4023.1587747620088 6509.431549223826 6508.959448059022 4021.9227978664267 1.7149322470740411 4025.060887794599 6511.333662256416 6510.861561091612 
4941.197106497323 0.05112461410594593 4940.751113870034 7993.991085545723 7993.434897042608 4939.294993464733 1.8509884184828511 4942.653226902626 7995.893198578313 7995.337010075198 
5214.955559103542 1.5725712747877354 5212.047814067201 8434.47981416111 8434.863931406368 5213.053446070952 0.32954175780097833 5213.949927099792 8436.3819271937 8436.766044438958 
4430.646681384411 1.7652914108256446 4427.427108617644 7165.129564602844 7165.632789442491 4428.744568351822 0.13682162176330906 4429.329221650234 7167.031677635435 7167.534902475081 
1775.222863319749 1774.8693179884351 1096.2127475108819 1.5231048789249206 1099.0404542374154 1777.1249763523394 1776.7714310210254 1098.114860543472 0.37900815366571083 1097.138341204825 
4325.0446533453405 0.22186756199391489 4324.322392825032 6996.759206201166 6996.308542643187 4323.142540312751 1.6802454705950702 4326.224505857622 6998.661319233757 6998.210655675778 
4592.891565046128 0.14627275351012103 4592.291619495318 7430.266928084231 7429.7695443652365 4590.9894520135385 1.7558402790787822 4594.193732527908 7432.169041116821 7431.6716573978265 
3446.848132536171 0.11327017629260538 3446.3015862770153 5575.983100991179 5575.465320557748 3444.9460195035817 1.7888428562966483 3448.2036993096053 5577.88521402377 5577.367433590338 
2493.085807106749 1.8496390477793077 2489.7297569965212 4029.9537374061642 4030.5090919523177 2491.1836940741596 0.05247398481023785 2491.6318700291113 4031.8558504387543 4032.411204984908 
629.52152584194 629.7167878416122 389.0183689081926 0.6351159641141343 390.4092793889295 631.4236388745302 631.6189008742025 390.92048194078285 1.266997068476281 388.5071663563391 
489.0419938719981 303.115378134203 1.7722617259217803 299.88452716069844 486.6323481081201 487.1398808394079 301.2132651016128 0.12985130666852665 301.7866401932887 488.5344611407104 
0.6452124009674522 830.249527158689 1343.6538952232524 1343.4648731647212 829.7546609848299 1.256900631622454 832.1516401912793 1345.556008255843 1345.3669861973117 831.6567740174204 
477.7110067372032 773.0351168071896 772.7228154900724 476.89339127425825 1.4563706621225159 479.61311976979323 774.9372298397799 774.6249285226627 478.79550430684867 0.4457423704678724 
34.801746642579 34.312566629133855 20.353881140602315 1.7425664046665188 23.536684075009124 36.7038596751693 36.21467966172416 22.25599417319262 0.15954662792379526 21.63457104241881 
1.393866455783999 357.0603861869106 576.7052456948035 576.4315741016433 356.34390465426145 0.5082465768064415 355.1582731543202 574.8031326622132 574.529461069053 354.4417916216712 
3186.777243470037 0.6847277541750678 3185.3060594267386 5154.254925213628 5154.090324986457 3184.8751304374478 1.2173852784142654 3187.2081724593286 5156.157038246218 5155.992438019047 
1574.9419255402406 973.8626281074813 1.1641783749656907 971.6156766638168 1572.9080959552464 1573.0398125076504 971.9605150748911 0.7379346576246165 973.5177896964068 1574.8102089878366 
5809.220560673223 1.895612310029761 5805.790124262099 9395.49809365058 9396.08186123538 5807.318447640634 0.006500722558771196 5807.69223729469 9397.40020668317 9397.983974267969 
2741.2604610817666 1.270212532053448 2743.6789793955672 4438.458901612601 4438.261652347148 2743.1625741143575 0.6319005005376971 2741.776866362977 4436.556788580011 4436.359539314557 
5618.398402074586 1.5334808501625818 5615.553906673923 9087.327296241823 9087.687254276028 5616.4962890419965 0.3686321824260086 5617.456019706514 9089.229409274412 9089.58936730862 
1.4041328959799333 25.992605881025366 41.0160581397022 40.736041537557256 25.25951289919565 0.497980136610382 24.09049284843505 39.11394510711189 38.833928504966956 23.35739986660534 
3915.045126952268 1.218771754992931 3912.7098415641594 6331.7530122580165 6331.9184693748375 3913.1430139196796 0.68334127759618 3914.6119545967495 6333.6551252906065 6333.8205824074275 
2141.299404905742 1.0841505864362788 2139.181941143962 3461.989968213342 3462.07222487239 2139.397291873152 0.8179624461533741 2141.0840541765524 3463.8920812459323 3463.9743379049805 
759.4035590254588 1228.3770781005908 1228.515575606584 759.766150203506 1.175150188349188 757.5014459928682 1226.4749650680003 1226.6134625739935 757.8640371709158 0.7269628442410111 
0.2790416348450627 55.124930494462355 89.27824079667326 89.69356883435516 56.21227341359436 1.6230713977452695 53.22281746187205 87.37612776408297 87.79145580176487 54.31016038100405 
0.4178961490833491 197.67122579639386 319.78413705133966 320.1136482797309 198.533897391997 1.4842168835070249 195.7691127638035 317.88202401874935 318.2115352471406 196.6317843594067 
0.8444420135189423 211.00255650691898 341.89047889083156 341.82458750442214 210.83005061773346 1.0576710190712646 212.90466953950923 343.7925919234218 343.7267005370125 212.7321636503238 
2521.2876080582114 0.08139055698318842 2520.792644106647 4078.446296048253 4077.9088129265388 2519.385495025622 1.8207224756063478 2522.694757139237 4080.348409080843 4079.8109259591292 
2923.1008495362175 1.4399241918605203 2920.4077319885614 4726.395624293344 4726.697761132845 2921.1987365036284 0.46218884072889366 2922.3098450211514 4728.297737325934 4728.599874165435 
3213.1615433638153 0.053532644423827436 3212.7116544616274 5197.966914352242 5197.4122140937125 3211.259430331226 1.8485803881654979 3214.6137674942174 5199.869027384832 5199.3143271263025 
2963.6408364732574 0.08423725106177316 2963.1412664739187 4794.184248609268 4793.648524841252 2961.7387234406683 1.817875781527628 2965.0433795065087 4796.086361641859 4795.550637873842 
4090.5857543387847 0.13808592165026579 4089.999055360184 6617.5323001853885 6617.029856726043 4088.683641306196 1.7640271109387913 4091.901168392774 6619.434413217979 6618.931969758634 
3311.0234540046877 1.889202105129073 3307.6033895229684 5353.340636393647 5353.920442253943 3309.1213409720986 0.012910927460222458 3309.5055025555585 5355.242749426237 5355.822555286533 
4647.073116762463 0.02843071339958203 4646.663843637855 7518.125192750675 7517.554978645587 4645.1710037298735 1.873682319189305 4648.565956670445 7520.027305783265 7519.457091678177 
3492.6884713839313 0.028685622101379704 3492.2787858083807 5650.291187986273 5649.721131423427 3490.786358351342 1.8734274104878599 3494.1808988409707 5652.193301018863 5651.623244456018 
3790.438947645788 0.13721508556457274 3789.8536577095724 6131.885974383761 6131.382992718117 3788.536834613199 1.764897947024576 3791.7557707421624 6133.788087416351 6133.285105750707 
3668.37269274982 0.19216774424746597 3667.6984875440835 5934.289709813155 5933.820690758349 3666.470579717231 1.70994528834172 3669.6006005766735 5936.191822845745 5935.72280379094 
2312.318038906655 1.2930280006549042 2309.8626043891873 3738.36595998071 3738.5773099812272 2310.415925874065 0.6090850319346965 2311.7647174217777 3740.2680730133 3740.4794230138177 
2885.8895939495924 0.7046096349996499 2887.392947551825 4671.558589644599 4671.71090219366 2887.791706982183 1.1975033975915392 2885.490834519235 4669.656476612008 4669.80878916107 
2856.5179084684532 0.7296463002924614 2854.974044690812 4619.811416344785 4619.674577305838 2854.6157954358637 1.1724667322969728 2856.8761577234022 4621.713529377376 4621.576690338429 
789.0024236226603 486.93622063704635 1.4863395425039976 489.70443979964364 791.2353597590486 790.9045366552507 488.83833366963665 0.4157734900863096 487.8023267670532 789.3332467264584 
2384.4268480914197 1.0249322785609096 2382.405201564539 3855.4742521205267 3855.5199098525513 2382.52473505883 0.877180754028669 2384.3073145971293 3857.3763651531167 3857.4220228851414 
1231.9425281353106 1994.4875731545624 1994.8428841040613 1232.8727442776735 0.3761513234309515 1233.8446411679006 1996.3896861871526 1996.744997136652 1234.7748573102642 1.5259617091595719 
206.3200666898487 333.8215189964452 334.1777684865211 207.2527399633421 1.5274802997127446 204.4179536572583 331.91940596385496 332.2756554539308 205.35062693075184 0.37463273287752186 
126.90145751694355 126.52260092787813 78.17968239340493 0.3380536783254452 77.26942878784976 124.99934448435326 124.62048789528781 76.27756936081464 1.5640593542648418 79.17154182044004 
1374.3351957847956 849.6925364515175 0.8594794448715897 847.9385982330808 1372.4896804949353 1372.4330827522053 847.7904234189273 1.0426335877187176 849.8407112656712 1374.3917935275256 
5356.089088670694 1.736806852277783 5352.915604887812 8662.57292320646 8663.058543620768 5354.186975638105 0.16530618031088756 5354.817717920403 8664.47503623905 8664.960656653358 
4285.757725994099 1.8904252151832202 4282.335682478741 6930.49183943826 6931.07240122214 4283.85561296151 0.011687817405777703 4284.237795511331 6932.39395247085 6932.974514254731 
3280.439043010935 0.031194809508987675 3280.025297484875 5306.860338835519 5306.291833035776 3278.536929978346 1.8709182230803167 3281.927410517465 5308.76245186811 5308.193946068366 
3992.308591687184 0.2739232306944316 3991.5021033256103 6458.296721314224 6457.878229928809 3990.406478654595 1.6281898018946552 3993.4042163582003 6460.198834346814 6459.7803429614 
4233.8141824774875 0.04544826861162454 4233.377374370141 6849.430655940286 6848.870959262726 4231.912069444898 1.8566647639773888 4235.279487402731 6851.332768972877 6850.773072295316 
3894.963049625962 0.21597409463421668 3894.2503249361516 6300.8820892776475 6300.427783356528 3893.0609365933733 1.6861389379549 3896.1524379687417 6302.7842023102385 6302.329896389119 
3824.884433737759 0.060142558850123096 3824.4238497693664 6187.744647607405 6187.194032500652 3822.98232070517 1.8419704737390148 3826.3259628019564 6189.646760639995 6189.096145533242 
4041.8342737005023 0.1931833196887104 4041.1584252591842 6538.561598048048 6538.093206653383 4039.9321606679136 1.7089297129003613 4043.0605382917743 6540.463711080638 6539.995319685973 
4202.313983862047 0.13808592165026579 4201.727284883446 6798.312373056878 6797.809929597533 4200.411870829458 1.7640271109387569 4203.629397916036 6800.214486089468 6799.712042630123 
4165.0920229212525 0.24104964663732464 4164.3387251360155 6737.919376320114 6737.480567942419 4163.189909888664 1.6610633859517097 4166.2408381686055 6739.821489352705 6739.38268097501 
4251.020593294132 0.04401558478694889 4250.58610331791 6877.273531597135 6876.712949472275 4249.118480261543 1.8580974478020589 4252.4882163505 6879.175644629726 6878.615062504865 
2244.2319215154 1.4680074876919549 2241.4933642405717 3627.9171851222836 3628.236678393124 2242.32980848281 0.4341055448976665 2243.3954772731627 3629.819298154874 3630.1387914257143 
2179.578151666023 0.10104268134926186 2179.051389909283 3525.5169835232664 3524.991646082362 2177.6760386334336 1.801070351240379 2180.9535029418735 3527.419096555857 3526.8937591149524 
267.14035232804633 164.72236407000256 0.97723981955041 166.66684257719766 269.05864753198614 269.0424653606367 166.62447710259292 0.9248732130398973 164.76472954460732 267.15653449939583 
4569.416566757369 1.154272951281307 4571.6474908888395 7396.290023154039 7396.164428490145 4571.31867978996 0.7478400813103969 4569.745377856249 7394.387910121448 7394.262315457555 
3386.6679237373605 1.616093573340239 3389.6460893320277 5483.309760063046 5482.898744558015 3388.5700367699515 0.2860194592511036 3387.7439762994377 5481.407647030455 5480.996631525424 
2294.9764147989376 0.08575107923649727 2294.4743953741586 3712.260037846987 3711.725249676235 2293.074301766348 1.8163619533531086 2296.376508406749 3714.1621508795774 3713.627362708825 
3374.2983683353696 0.6330844135746395 3372.910744972455 5457.754039534734 5457.5575219677785 3372.3962553027804 1.2690286190146365 3374.812858005045 5459.656152567324 5459.4596350003685 
5369.22440554691 0.04521603748849656 5368.787973197413 8686.563363798561 8686.003523594272 5367.32229251432 1.8568969951001697 5370.6900862300035 8688.465476831152 8687.905636626863 
3122.4383694646963 0.08443945391335406 3121.938472294271 5051.123727147963 5050.58812834818 3120.536256432107 1.8176735786759985 3123.840585326861 5053.025840180553 5052.490241380771 
2474.241476951521 1.0763338410414744 2472.1366609494717 4000.714204827959 4000.791630472672 2472.3393639189317 0.8257791915480767 2474.0387739820617 4002.6163178605493 4002.6937435052623 
3714.532665623194 0.3056861875332233 3715.3905475285164 6011.685772457691 6012.084633256197 3716.434778655785 1.596426845058219 3713.4884344959264 6009.783659425101 6010.182520223607 
179.14125841513476 179.6477294662826 111.89814512705925 1.770543891370335 108.67007366824585 177.2391453825444 177.74561643369228 109.99603209446896 0.13156914121994498 110.57218670083614 
3842.427196303186 0.13808592165026579 3841.8404973245856 6216.003318684628 6215.500875225282 3840.5250832705974 1.7640271109388668 3843.7426103571756 6217.905431717218 6217.4029882578725 
2643.2014871594797 0.3197945310269146 2644.0821968440996 4278.25834027522 4278.648481637922 2645.10360019207 1.5823185015642005 2642.1800838115096 4276.35622724263 4276.746368605331 
2200.3532434841964 0.9213194425879252 2198.4992460475905 3557.8045525246052 3557.7861740023277 2198.451130451607 0.9807935900017096 2200.401359080181 3559.7066655571953 3559.688287034918 
871.996776057252 871.4761347702029 537.7179591213178 1.7934718146870074 540.9831287393489 873.8988890898422 873.3782478027932 539.620072153908 0.10864121790346198 539.0810157067584 
1888.8189891595966 1.895612310029761 1885.3885527484729 3052.1551013930307 3052.738868977829 1886.9168761270066 0.006500722559969201 1887.2906657810634 3054.057214425621 3054.6409820104195 
2562.1822640463374 1.2840221846165705 2559.7414012453164 4142.669340545819 4142.875124645928 2560.280151013748 0.6180908479729539 2561.6435142779064 4144.571453578409 4144.777237678518 
1998.9222646759672 0.7594472026246253 1997.330182025457 3232.1442972118257 3232.025876143416 1997.0201516433772 1.142665829965071 1999.2322950580474 3234.046410244416 3233.9279891760066 
1405.4466971776158 1.2869813704354178 1403.0010463133606 2271.0270892931158 2271.2347022706404 1403.5445841450257 0.6151316621544601 1404.9031593459513 2272.9292023257062 2273.136815303231 
2360.3388506521064 1.426444041368934 2357.667544446119 3815.8493938636902 3816.1431995120133 2358.4367376195164 0.4756689912206521 2359.5696574787094 3817.7515068962807 3818.0453125446033 
3528.183035567535 0.01209891366176652 3528.5658832850695 5709.690703048878 5710.271010761301 3530.085148600126 1.890014118929619 3526.6637702524795 5707.788590016287 5708.368897728711 
5025.403422951269 1.7945637237015015 5022.136486587338 8127.418823898995 8127.940140022928 5023.501309918679 0.10754930888727013 5024.038599619929 8129.320936931585 8129.842253055519 
5450.484497014604 1.5474347704889189 5447.617423696575 8815.614312753683 8815.982894784927 5448.582383982014 0.3546782620997228 5449.519536729166 8817.516425786274 8817.885007817516 
5526.3643747849865 1.895612310029761 5522.9339383738625 8937.827170955254 8938.410938540053 5524.462261752396 0.006500722558857602 5524.836051406453 8939.729283987845 8940.313051572643 
3004.7395011592444 0.059337009690783815 3004.280220596772 4860.723574400297 4860.172461436784 3002.8373881266552 1.8427760228986045 3006.182333629362 4862.625687432887 4862.074574469374 
5407.103331306447 0.39512102233634483 5406.100740798634 8747.286594976511 8746.943007945692 5405.201218273858 1.5069920102523098 5408.002853831225 8749.1887080091 8748.845120978283 
5178.2077042344445 1.1877104062555488 5175.922677164328 8375.643253935485 8375.789514083051 5176.305591201854 0.7144026263331761 5177.824790196919 8377.545366968076 8377.691627115642 
2977.978692299698 0.05871979627320545 2977.5204104095133 4817.4246747714 4816.873180349016 2976.076579267109 1.8433932363161916 2979.4225234421033 4819.32678780399 4818.775293381606 
5790.985537039751 1.6774519315013081 5787.908091536085 9366.346196533423 9366.795133589292 5789.083424007162 0.2246611010872297 5789.810204568676 9368.248309566014 9368.697246621883 
5861.94306079641 1.7105968273089378 5858.811985724773 9481.104252161253 9481.573673889287 5860.0409477638195 0.19151620527957813 5860.714098757364 9483.006365193844 9483.475786921877 
5666.373382995739 1.8803232559761085 5662.96768479373 9164.391243180531 9164.96556161027 5664.47126996315 0.021789776612467233 5664.869797826322 9166.29335621312 9166.86767464286 
3060.5732611348567 1.8881933154724828 3063.9916933606237 4956.117779053366 4955.538596659367 3062.4753741674476 0.013919717118760151 3062.0895803280337 4954.215666020775 4953.636483626776 
5081.93079859403 1.830575952931335 5078.605593219197 8218.82376997291 8219.367342878519 5080.02868556144 0.07153707965741933 5080.507706251788 8220.725883005502 8221.26945591111 
5844.204935078235 0.08279059804181832 5843.7077058126515 9455.037207658583 9454.500589809828 5842.302822045645 1.8193224345467027 5845.609818845242 9456.939320691172 9456.402702842419 
5743.787300760578 1.7342539153197274 5740.617947716465 9289.885938484225 9290.369981096723 5741.8851877279885 0.1678591172688249 5742.520060749056 9291.788051516816 9292.272094129314 
3251.506078998003 0.05871979627320545 3251.047797107818 5260.001283303192 5259.449788880809 3249.603965965414 1.8433932363161083 3252.949910140408 5261.903396335782 5261.351901913399 
5480.167334009398 1.8881933154724828 5476.748901783629 8863.090792986042 8863.669975380044 5478.265220976808 0.013919717116149833 5478.65101481622 8864.992906018633 8865.572088412633 
5123.522957813193 0.3573174892106422 5122.581534706872 8288.505079523527 8288.138128624341 5121.620844780604 1.544795543378099 5124.483647739463 8290.407192556118 8290.040241656932 
5879.56211132176 1.897278997662555 5876.128978153398 9509.310416664048 9509.89521431845 5877.65999828917 0.004834034925955554 5878.031091185989 9511.212529696637 9511.797327351042 
5702.136528590594 1.895612310029761 5698.70609217947 9222.232490088503 9222.816257673301 5700.234415558005 0.00650072255880389 5700.608205212062 9224.134603121092 9224.718370705892 
3099.6334902286467 0.921361860413503 3097.7794241585566 5012.8704885350335 5012.852136228414 3097.731377196057 0.9807511721758571 3099.6815371911466 5014.772601567624 5014.754249261005 
1656.0399403529395 0.8922983737352042 1654.232899992127 2677.1340846053 2677.097770076082 1654.1378273203495 1.009814658854597 1656.1350130247174 2679.0361976378904 2678.9998831086723 
1175.8067744491984 1.401250139006609 1178.4373160648543 1905.7136521291332 1905.4354171687787 1177.708887481789 0.5008628935840577 1176.535203032264 1903.811539096543 1903.5333041361885 
2594.333774128343 1.732669105993724 2591.1669853595863 4193.965650680403 4194.448713826871 2592.431661095754 0.16944392659579047 2593.0690983921763 4195.867763712993 4196.350826859461 
2660.011091818625 0.9293977922168274 2658.144023337747 4301.533503281083 4301.520117453449 2658.1089787860356 0.9727152403726669 2660.0461363703366 4303.435616313673 4303.422230486039 
2159.264488264426 1.2855609129017265 2161.7078407801123 3496.794470480469 3496.5877353939795 2161.166601297017 0.6165521196892408 2159.805727747522 3494.8923574478786 3494.685622361389 
0.21235543569965853 649.2431444791597 1050.648390558442 1051.1049329337766 650.4383879350897 1.689757596890916 647.3410314465692 1048.7462775258518 1049.2028199011866 648.5362749024994 
2344.6649448255894 0.8301408659332044 2342.9584774250566 3791.4533203053757 3791.3785903236803 2342.7628317929994 1.0719721666563864 2344.860590457647 3793.355433337966 3793.2807033562704 
1208.9144325427505 1.7347213919285984 1205.7443231055956 1952.3067466550153 1952.791078183946 1207.0123195101603 0.16739164066133955 1207.6464361381861 1954.2088596876056 1954.6931912165362 
1225.9737313463306 0.23586297853180338 1225.2288257663754 1982.3344758006476 1981.892461885776 1224.0716183137404 1.6662500540581289 1227.1309387989659 1984.2365888332379 1983.7945749183662 
1823.273331804521 0.769992440545204 1821.6641866006353 2947.9212911848017 2947.8093874318465 1821.3712187719307 1.1321205920445458 1823.5662996332258 2949.823404217392 2949.7115004644365 
867.9677940156199 1.0356295229720165 865.9288389836956 1401.774651573324 1401.826920565981 866.0656809830299 0.8664835096180254 867.8309520162859 1403.6767646059143 1403.7290335985713 
923.9643244495261 1.3012932399283017 926.4331324050631 1498.0622745594985 1497.8458163601847 925.8664374821166 0.6008197926622881 924.5310193724729 1496.1601615269083 1495.9437033275942 
1514.16687195662 0.3074315166488665 1513.3061660494666 2448.5249723054753 2448.127190179685 1512.2647589240298 1.5946815159409777 1515.208279082057 2450.427085338066 2450.029303212275 
2048.439138750529 0.49498486158649824 2047.2749651565623 3312.692191537659 3312.4103237537433 2046.5370257179388 1.4071281710031829 2049.177078189153 3314.5943045702493 3314.3124367863334 
1848.1519982682983 1.0262669751382476 1850.1758043796065 2992.9843409377445 2992.9378583178695 1850.0541113008894 0.8758460574526247 1848.2736913470158 2991.082227905154 2991.0357452852795 
1472.7673241137936 1.355715120255644 1475.3241885214327 2386.1322375962823 2385.8821448251947 1474.6694371463846 0.5463979123351137 1473.422075488842 2384.230124563692 2383.9800317926047 
2547.39273938279 0.0015300569238275719 2547.0269924346803 4120.814502815655 4120.227663190546 2545.4906263502003 1.9005829756657011 2548.9291054672703 4122.716615848246 4122.129776223136 
3136.8013014207495 1.6899405529673 3133.7036489030797 5071.765683883715 5072.222339332123 3134.8991883881604 0.21217247962204883 3135.6057619356698 5073.667796916305 5074.124452364713 
1934.5737103766369 0.9293977922168274 1932.7066418957584 3127.751163398223 3127.7377775705895 1932.6715973440469 0.9727152403728888 1934.6087549283488 3129.6532764308135 3129.6398906031795 
1390.781483320991 0.5197689817125142 1389.577208178279 2248.5396505423546 2248.273100187058 1388.8793702884009 1.382344050877368 1391.4793212108698 2250.4417635749446 2250.1752132196484 
1261.0183613419995 1.627814704910747 1264.0154921259345 2043.9554851252794 2043.5372255625502 1262.9204743745904 0.274298327679946 1262.113379093344 2042.053372092689 2041.63511252996 
1492.8857963109535 1.516229575405161 1490.0692140591975 2412.135592249027 2412.484888409083 1490.9836832783635 0.38588345718469047 1491.9713270917882 2414.037705281617 2414.3870014416734 
1278.4056663737292 0.3199573530233494 1279.2866395098742 2069.97257799159 2070.3626187247637 1280.3077794063202 1.5821556795673484 1277.3845264772835 2068.0704649589998 2068.4605056921732 
1157.6261820989687 1.748075656136534 1154.4344650084308 1869.2990065600764 1869.7915914781825 1155.7240690663787 0.15403737645341978 1156.336578041021 1871.2011195926668 1871.6937045107727 
988.8845591326931 0.43871458077190273 989.9576854997449 1601.709739245997 1602.0263839760123 990.7866721652837 1.4633984518187066 988.0555724671547 1599.8076262134068 1600.124270943422 
1242.258368807545 1.809432005320204 1245.5493625564877 2013.8950425408455 2013.3645373135178 1244.1604818401358 0.0926810272704832 1243.6472495238972 2011.9929295082552 2011.4624242809275 
1586.551899038115 0.15793313050540247 1585.9330866010043 2565.8882998699587 2565.3981226602687 1584.649786005525 1.7441799020844198 1587.8351996335948 2567.790412902549 2567.3002356928587 
358.7898921007657 0.8908834708133961 356.9851411009715 578.1417039868597 578.1045149995454 356.8877790681755 1.0112295617768017 358.8872541335617 580.04381701945 580.0066280321356 
2408.24470050716 0.5604193108117995 2406.9746517503118 3894.763944638256 3894.522517567997 2406.34258747457 1.3416937217777718 2408.8767647829022 3896.666057670846 3896.424630600587 
2275.197041293279 0.44999951240078884 2274.105655523291 3679.666972893443 3679.357302634736 2273.294928260689 1.452113520188823 2276.0077685558813 3681.5690859260335 3681.259415667326 
713.8728110975065 0.23205305860934344 714.6115520975325 1156.3969982525173 1156.8413668273956 715.774924130097 1.6700599739811817 712.7094390649422 1154.494885219927 1154.9392537948054 
811.7922261845112 1.1826089540787343 809.5154534374092 1310.642855770087 1310.7859630468151 809.890113151921 0.7195040785113249 811.4175664699994 1312.5449688026772 1312.6880760794056 
768.7341054593816 1.742219209487978 765.5518642985744 1240.067884531426 1240.55684996645 766.8319924267915 0.1598938231020947 767.4539773311647 1241.9699975640162 1242.4589629990403 
1095.979163597279 1.0843602093968865 1093.8613606584242 1770.625949470932 1770.7083356840947 1094.077050564689 0.8177528231930861 1095.7634736910145 1772.5280625035223 1772.610448716685 
2446.3731936145755 0.732034009832355 2447.920920787408 3960.450488860136 3960.5858522134304 2448.2753066471664 1.1700790227587 2446.0188077548178 3958.5483758275454 3958.6837391808403 
906.9393103100914 0.4163820967902315 905.9023186611752 1465.8338529139073 1465.503405949738 905.0371972775014 1.4857309357997985 907.8044316937654 1467.7359659464976 1467.4055189823282 
624.2882605161518 0.06288925850215243 623.8232322943655 1009.0668108186038 1008.5178932655931 622.3861474835617 1.839223774087964 625.7253453269558 1010.9689238511942 1010.4200062981834 
259.47592362173975 1.2992493131200098 257.0104228092489 416.7875776174634 417.002772600539 257.5738105891495 0.6028637194702183 258.91253584183926 418.6896906500537 418.9048856331293 
114.01068861161052 0.5109728859592229 112.8206458507962 182.6953412412596 182.42335459981953 112.10857557902024 1.3911401466310493 114.72275888338649 184.5974542738499 184.32546763240984 
1980.880826265186 0.9293977922168274 1979.0137577843072 3202.677650826876 3202.664264999242 1978.978713232596 0.9727152403728746 1980.915870816898 3204.579763859466 3204.5663780318323 
1191.8691369701658 0.6287217852952112 1190.4885724880878 1926.5164240253619 1926.3172102058493 1189.9670239375757 1.273391247294732 1192.390685520678 1928.418537057952 1928.2193232384398 
664.1587886031292 0.921361860413503 662.3047225330398 1072.1896425644375 1072.1712902578186 662.2566755705391 0.9807511721766012 664.2068355656301 1074.0917555970277 1074.0734032904088 
1805.1145344027723 0.7594472026246253 1803.522451752262 2918.5568023473247 2918.438381278915 1803.2124213701823 1.1426658299651302 1805.4245647848525 2920.4589153799147 2920.340494311505 
1787.1841682815223 0.595890651187742 1785.8567256903193 2889.80950059172 2889.5899960154397 1785.2820552489322 1.306222381402019 1787.75883872291 2891.71161362431 2891.49210904803 
1344.6519490396495 1.87512022163184 1341.2546695240542 2171.7074918170565 2172.278594594725 1342.7498360070592 0.026992810958056515 1343.1567825566447 2173.609604849647 2174.1807076273153 
506.20301839755626 1.0932332128046123 508.3351781575071 821.7736339872778 821.6857639564266 508.1051314301467 0.8088798197858498 506.4330651249168 819.8715209546874 819.7836509238364 
1051.4593410799864 0.5940236765211304 1050.1349193172505 1699.3847446409584 1699.1640862108782 1049.5572280473964 1.3080893560688556 1052.0370323498407 1701.2868576735486 1701.0661992434684 
524.4353856977674 1.2931664962805898 526.8910443058646 851.597722822538 851.3862872270164 526.3374987303578 0.6089465363098778 524.9889312732744 849.6956097899478 849.484174194426 
746.4207185673412 1.547097175611901 749.2872456453827 1211.1884048794118 1210.8200314932772 748.3228315999316 0.3550158569786347 747.3851326127924 1209.2862918468215 1208.917918460687 
608.001875129243 0.3486135175563869 607.0745353448964 982.2525741461457 981.8802438966406 606.099762096653 1.5534995150337345 608.9766483774868 984.1546871787359 983.782356929231 
696.0225625154502 0.20528569364468718 696.717993009174 1127.4713788328133 1127.9322905490294 697.9246755480407 1.6968273389458328 694.8158799765838 1125.569265800223 1126.0301775164392 
1359.7078342208438 1.7979521534421448 1356.4354152624253 2196.1932863281218 2196.716696616803 1357.8057211882538 0.10416087914774722 1358.3375282950158 2198.0953993607122 2198.6188096493934 
20.869012819238094 1.2982000508211091 18.405209748810016 30.715183730463956 30.929730233775764 18.966899786647794 0.6039129817691918 20.307322781400323 32.61729676305426 32.83184326636607 
546.8200851830356 0.9292111797167557 544.953318647525 882.3189317694614 882.3054306089601 544.9179721504455 0.9729018528733844 546.8554316801152 884.2210448020517 884.2075436415505 
316.59542002776374 0.16505995992493727 315.96507613842084 511.04402114583553 510.55824855895844 314.69330699517354 1.7370530726652733 317.8671891710111 512.9461341784258 512.4603615915487 
1021.3351976644639 0.14124557734550713 1021.9270090733721 1653.7346603888957 1654.235151073628 1023.2373106970543 1.760867455245112 1020.0248960407819 1651.8325473563054 1652.3330380410375 
1071.3762988007443 1.2863764143507486 1068.931626775996 1730.490808923627 1730.6980480177294 1069.4741857681545 0.6157366182392314 1070.8337398085862 1732.3929219562172 1732.6001610503197 
296.9164889688388 0.882532176169459 295.1252506476285 478.0419473983617 477.9995970271073 295.01437593624854 1.0195808564207576 297.0273636802188 479.944060430952 479.9017100596976 
464.22377797831575 0.9965397271932669 462.24807156457484 748.5663594887665 748.5944696590191 462.3216649457256 0.9055733053968985 464.1501845971651 750.4684725213568 750.4965826916093 
975.9750470850695 1.6740867915212727 972.9030464922683 1575.5010125103279 1575.947869795313 974.0729340524796 0.2280262410687365 974.8051595248586 1577.4031255429184 1577.8499828279032 
369.3229661624876 1.6223603506954978 372.31127161591576 601.153202782553 600.7383141961153 371.22507919507797 0.2797526818949226 370.40915858332545 599.2510897499627 598.8362011635251 
116.99749310343647 188.99353790557103 188.43720361786643 115.54099102911881 1.8512243029081654 118.89960613602673 190.89565093816134 190.33931665045677 117.44310406170916 0.05088872968216188 
81.64886592923891 1.599860768296399 84.60076629361265 135.65032583305808 135.2493427532758 83.55097896182922 0.30225226429393337 82.69865326102236 133.74821280046777 133.3472297206855 
217.52022718275248 0.0646384178926096 217.05236876162056 350.89947714886796 350.3516406358121 215.61811415016223 1.8374746146976306 218.9544817942109 352.80159018145827 352.2537536684024 
564.3309758967066 0.9433031148196046 562.4414081312322 910.629346887502 910.6245550218617 562.4288628641165 0.9588099177705303 564.3435211638224 912.5314599200924 912.526668054452 
409.4854262781763 1.3870421364748706 406.87787369352907 659.365999778889 659.6354537107662 407.58331324558617 0.5150708961153118 408.7799867261194 661.2681128114793 661.5375667433565 
880.3893890484247 0.15807274882332478 881.0084273927185 1425.706778411692 1426.1968693325168 882.2915020810152 1.7440402837672515 879.1063143601283 1423.8046653791016 1424.2947562999263 
61.33850278710733 0.7594472026246253 62.93058543761769 101.42765023137265 101.54607129978208 63.24061581969766 1.1426658299657009 61.02847240502737 99.52553719878235 99.64395826719178 
141.32502415018408 0.6268645529217489 139.94746473321152 226.70334786663253 226.50298621438822 139.4229111175938 1.275248479668515 141.8495777658018 228.60546089922283 228.40509924697852 
448.2589394862972 0.7102855562346809 449.7714769220057 727.3985225378123 727.5473271746336 450.1610525188876 1.1918274763557632 447.8693638894154 725.4964095052219 725.6452141420433 
847.7908532252388 1.7141275202338826 850.9276410780313 1375.4789889747951 1375.0073851585314 849.6929662578293 0.1879855123566841 849.0255280454411 1373.5768759422047 1373.105272125941 
834.0541172587338 0.5717813331858008 835.3425501539638 1351.4041283289441 1351.638533283195 835.9562302913242 1.3303316994047614 833.4404371213735 1349.5020152963539 1349.7364202506049 
1009.312010634691 0.5697324276691526 1008.0268929382265 1631.2282355116686 1630.9925642641685 1007.409897602101 1.3323806049208462 1009.9290059708168 1633.1303485442588 1632.8946772967588 
44.44738841470018 1.8549281151550339 47.81199641571149 75.86977841945699 75.31115504989587 46.34950144729051 0.04718491743528719 45.909883383121176 73.96766538686668 73.40904201730557 
427.0857785689317 1.0792375057222037 424.9762643387368 688.3420063537557 688.4212265619332 425.18366553634155 0.8228755268679729 426.8783773713271 690.244119386346 690.3233395945234 
191.41927370140792 1.121586398180943 193.59730987898698 312.4887123805685 312.38331911746553 193.32138673399828 0.7805266344094228 191.69519684639664 310.58659934797817 310.4812060848752 
241.8875715024799 0.3057452748625388 241.02959399184994 389.93654938426056 389.5377251037328 239.9854584698896 1.5963677577276945 242.93170702444027 391.83866241685087 391.4398381363231 
1.3732856916605822 1.2840221846165705 1.067577109360602 0.8066251279429272 0.6008410278334674 0.5288273409297249 0.6180908479737365 0.8345359232297052 1.0954879046473798 1.3012720047568396 
128.06764037831658 0.9159810742420914 126.2222806031386 204.78464996364423 204.76297214828503 126.16552734572633 0.9861319583481768 128.1243936357289 206.68676299623453 206.66508518087534 
170.98645803936805 1.7059795982484343 167.86285380128547 272.95051123328017 273.41707935681916 169.08434500677777 0.19613343434182098 169.7649668338758 274.8526242658705 275.31919238940947 
0.034911042823323614 0.0741024436096237 0.4482604935891505 1.0144695348341064 1.5564569583264096 1.8672019897669834 1.8280105889806832 1.4538525390011567 0.8876434977562009 0.3456560742638975 
0.06026959508881899 0.0016201679200691377 0.30562315567601545 0.8561597497154046 1.4429436831657927 1.8418434375014878 1.9004928646702377 1.5964898769142917 1.0459532828749025 0.4591693494245144 
0.43923245141000794 0.06447146604697251 0.028355835961208716 0.3446805043203603 0.8926201992912695 1.462880581180299 1.8376415665433343 1.8737571966290985 1.557432528269947 1.0094928332990378 
104.8475623668999 104.2624160147971 64.21584175822586 0.004269830199823987 63.84566176383367 102.94544933430959 102.3603029822068 62.313728725635556 1.897843202390463 65.74777479642397 
3.516733762367088 7.225742971302658 7.8114926951685915 5.050246448348961 0.003293554179210639 5.418846794957393 9.127856003892965 9.713605727758898 6.95235948093927 1.8988194784110974 
1.8916436210212253 1.8625666805988477 1.4853238385034604 0.9040090384028913 0.3406647757722071 0.01046941156908189 0.03954635199145937 0.4167891940868467 0.998103994187416 1.5614482568181 
1.6255386205441722 1.9010856464984651 1.8137538350175928 1.3969009697881494 0.8097506770200036 0.2765744120461351 0.0010273860918417585 0.08835919757271436 0.5052120628021576 1.0923623555703035 
1.306374400580687 1.7347213919285984 1.8637350365739938 1.6441365072748317 1.1598049783439035 0.5957386320096203 0.1673916406617086 0.03837799601631362 0.2579765253154753 0.7423080542464034 
0.7812854095540686 1.3414258536688217 1.7524584790726085 1.8573827933462854 1.616121274683584 1.1208276230362386 0.5606871789214853 0.14965455351769863 0.044730239244021676 0.28599175790672315 
0.9000423557504451 1.4831092138442155 1.862950025280312 1.8944785104044857 1.5656518595130977 1.0020706768398622 0.4190038187460918 0.03916300730999513 0.007634522185821418 0.33646117307720935 
1.2221203429347292 1.690486146908425 1.876414964276631 1.7088883062927644 1.2518956622849828 0.6799926896555781 0.2116268856818821 0.02569806831367599 0.19322472629754267 0.6502173703053241 
1.3982481220359866 1.8028181591780146 1.8820441990522403 1.6056645872207627 1.0792469416057047 0.5038649105543209 0.09929487341229236 0.020068833538066957 0.29644844536954423 0.8228660909846023 
1.3525153337410352 1.762438877896138 1.8624419377918227 1.6143267435269284 1.1128648661853624 0.5495976988492721 0.13967415469416905 0.03967109479848466 0.2877862890633786 0.7892481664049446 
1.5548533401971159 1.8647816637709134 1.8256980373844809 1.4525310779138332 0.8878178803983033 0.3472596923931912 0.03733136881939363 0.07641499520582623 0.44958195467647394 1.0142951521920038 
1.3040250792623937 1.7347213919285984 1.866084357892287 1.6479377890183249 1.1636062600873966 0.5980879533279135 0.1673916406617086 0.036028674698020395 0.2541752435719822 0.7385067725029103 
1.5053245060166782 1.8542070753870972 1.8581168281428644 1.5155603716188848 0.9573826291415932 0.3967885265736289 0.04790595720320971 0.04399620444744281 0.3865526609714223 0.9447304034487138 
1.6184012673901333 1.8625666805988477 1.7585661921345523 1.346124453744016 0.7827801911133321 0.28371176520017394 0.03954635199145937 0.1435468404557548 0.5559885788462908 1.119332841476975 
1.558997818542288 1.900143031252557 1.8787694535132835 1.5030410655596815 0.9164733410518209 0.3431152140480192 0.001970001337750178 0.0233435790770238 0.3990719670306255 0.9856396915384862 
1.6356448994644859 1.8309702674610664 1.6901984896806856 1.2670996005787016 0.7232829951897503 0.2664681331258214 0.07114276512924067 0.21191454290962142 0.6350134320116053 1.1788300374005567 
1.873994902211179 1.868876650192831 1.5131823025845499 0.9427750105664789 0.3755309722587349 0.028118130379128272 0.03323638239747596 0.3889307300057572 0.959338022023828 1.526582060331572 
1.813702857670516 1.8573901617608772 1.554888818430929 1.0217440591902103 0.461599061144796 0.08841017491979103 0.044722870829429856 0.34722421415937804 0.8803689734000968 1.440513971445511 
1.8616424880043971 1.86292450978966 1.51590395131319 0.9531308711180274 0.3895654578852543 0.04047054458591018 0.03918852280064697 0.3862090812771172 0.9489821614722798 1.512547574705053 
1.6741786826571627 1.855969321299906 1.69211402528584 1.2451999484556626 0.6859330781077196 0.2279343499331447 0.04614371129040112 0.2099990073044671 0.6569130841346446 1.2161799544825875 
1.6307835415598808 1.7602352312565048 1.580608154810856 1.1605137501253957 0.6604138013063175 0.27132949103042636 0.14187780133380232 0.32150487777945147 0.7415992824649114 1.2416992312839894 
1.888425438978683 1.895612310029761 1.5420109721448543 0.9626851179285605 0.3789175331299382 0.013687593611624055 0.006500722560546018 0.3601020604454529 0.9394279146617465 1.523195499460369 
1.8746468192482983 1.7865040642121945 1.3792487416895376 0.8084385427846816 0.29210356235419394 0.027466213342008706 0.11560896837811259 0.5228642909007697 1.0936744898056254 1.610009470236113 
1.689337846473136 1.879152803302321 1.714466523327346 1.2581835680178697 0.6845885178148626 0.21277518611717147 0.022960229287985905 0.18764650926296106 0.6439294645724375 1.2175245147754445 
1.8777509125839393 1.878185005115332 1.5244875268557434 0.9517588927652092 0.3787619747360121 0.024362120006367824 0.023928027474975157 0.3776255057345637 0.9503541398250979 1.5233510578542948 
1.895856507465742 1.7417944033131958 1.285697302512032 0.7017787953980075 0.2130759050285831 0.006256525124565024 0.16031862927711102 0.6164157300782752 1.2003342371922994 1.689037127561724 
1.872944030006004 1.8043198861269611 1.4097781363274395 0.8400203190499992 0.3126745551386705 0.02916900258430312 0.09779314646334607 0.49233489626286764 1.062092713540308 1.5894384774516364 
1.9008459300722225 1.7479616688232795 1.2906867251185121 0.7036845852494459 0.21117011517714482 0.0012671025180847177 0.15415136376702737 0.6114263074717952 1.1984284473408613 1.6909429174131623 
1.8341958601538673 1.6551722908329576 1.207200427653565 0.661390296346599 0.22622281566727825 0.06791717243643987 0.24694074175734926 0.6949126049367423 1.240722736243708 1.6758902169230288 
0.40187630187643975 0.598272992277221 0.9294209981818877 1.268833036641608 1.486865245155655 1.5002367307138675 1.303840040313086 0.9726920344084193 0.6332799959486993 0.415247787434652 
1.8569204884277002 1.856670049520977 1.5105060215938715 0.9506512976319699 0.3909513534265288 0.045192544162606964 0.04544298306933029 0.3916070109964358 0.9514617349583372 1.511161679163778 
1.8501939594998968 1.815684555991798 1.4509166289457744 0.8952191284875649 0.3608496123288453 0.051919073090410356 0.08642847659850907 0.4511964036445327 1.006893904102742 1.5412634202614617 
1.826314685863834 1.655835984534074 1.2161554809101238 0.6752161831856602 0.23963851724093038 0.07579834672647313 0.24627704805623296 0.6859575516801836 1.226896849404647 1.6624745153493765 
1.8082224476706756 1.6334727482622124 1.1980632427169655 0.6683055631284327 0.24654913729815786 0.09389058491963145 0.26864028432809456 0.7040497898733419 1.2338074694618744 1.6555638952921492 
1.8556606610640844 1.855969321299906 1.5106320468789183 0.9515559390476885 0.3922890686997455 0.04645237152622265 0.04614371129040112 0.3914809857113889 0.9505570935426186 1.5098239638905613 
1.6857505407568905 1.5404550154509775 1.170029296385716 0.7159634179369158 0.3516951125404403 0.21636249183341658 0.36165801713932955 0.7320837362045911 1.1861496146533914 1.5504179200498667 
1.702276933321842 1.4690062202228216 1.037896324686377 0.5736165739210134 0.2535060524307697 0.19983609926846516 0.4331068123674855 0.8642167079039301 1.3284964586692938 1.6486069801595375 
1.5595255564269763 1.5592161095890895 1.3266103686972324 0.950555820793742 0.5746925215537769 0.34258747616333085 0.3428969230012174 0.5755026638930748 0.9515572117965652 1.32742051103653 
1.670321136803485 1.4195443289563188 0.9898210999876811 0.5452911176082376 0.2557497260685441 0.23179189578682222 0.4825687036339883 0.9122919326026262 1.3568219149820695 1.6463633065217627 
1.4506570409458657 1.1841639564132787 0.828631752786049 0.5198616477546291 0.3757933267311469 0.4514559916444414 0.7179490761770282 1.0734812798042583 1.382251384835678 1.5263197058591602 
1.1002971229784755 0.5651540837899762 0.1774126574771924 0.08517689004524454 0.3236777096747064 0.8018159096118314 1.3369589488003306 1.724700375113115 1.8169361425450627 1.5784353229156005 
1.5469770026593521 1.2788747813199528 0.8855571248741012 0.5172580097086581 0.3146551797903113 0.3551360299309549 0.6232382512703541 1.016555907716206 1.384855022881649 1.5874578527999956 
1.28994615569721 0.9698618369193068 0.6425945248323163 0.43314920924664957 0.42152688193158344 0.6121668768930968 0.9322511956710001 1.259518507757991 1.4689638233436577 1.4805861506587235 
1.4837682425383585 1.006259848416536 0.5076656577165943 0.17843170469266426 0.14431416914940104 0.4183447900519485 0.8958531841737709 1.394447374873713 1.723681327897643 1.757798863440906 
1.2861975843717495 0.728724476936588 0.25617465174831927 0.04904608065104041 0.18645483776271327 0.6159154482185574 1.173388555653719 1.6459383808419878 1.8530669519392668 1.7156581948275937 
0.2796300227845975 0.5722877371977838 1.0096222513488649 1.4245866452855491 1.6586786246450242 1.6224830098057097 1.3298252953925234 0.8924907812414424 0.47752638730475816 0.24343440794528284 
0.39194393066518574 0.6028395204732244 0.9467421672248599 1.2922927486820162 1.5075026875603486 1.5101691019251215 1.2992735121170829 0.9553708653654472 0.6098202839082911 0.39461034502995873 
0.7091313836912801 0.9975773463772735 1.2682539331567555 1.4177718878387748 1.3890204336631662 1.192981648899027 0.9045356862130336 0.6338590994335515 0.4843411447515324 0.5130925989271411 
1.0029370771469448 1.0068176398177107 0.9893993485537412 0.9573353985919272 0.9228731290041055 0.8991759554433623 0.8952953927725963 0.9127136840365659 0.9447776339983802 0.9792399035862016 
1.2443414724994013 1.1322794830577494 0.9509964798548788 0.7697364085316293 0.6577344555302523 0.6577715600909058 0.7698335495325574 0.9511165527354285 1.132376624058678 1.2443785770600546 
1.8845102239658607 1.537482837652759 0.9664605284786205 0.38955441021351483 0.027123011716946463 0.01760280862444649 0.364630194937548 0.9356525041116868 1.5125586223767922 1.8749900208733605 
0.9849213301719074 0.9931044226899052 0.9852266441208819 0.9642970381223588 0.9383100028146283 0.9171917024183996 0.909008609900402 0.9168863884694254 0.9378159944679484 0.9638030297756789 
1.4597191106005145 1.2626865696130851 0.9466219401741477 0.6322511680877355 0.43965320322131207 0.4423939219897923 0.6394264629772218 0.9554910924161596 1.2698618645025714 1.4624598293689952 
1.2453849081869666 1.0612795792328202 0.8350727865806041 0.6531678365373645 0.5850462372977677 0.6567281244033404 0.8408334533574866 1.067040246009703 1.2489451960529427 1.3170667952925394 
1.53895850969495 1.2768418497343372 0.8902862654361742 0.5269428514612835 0.32559644235965024 0.36315452289535705 0.6252711828559696 1.0118267671541328 1.3751701811290236 1.576516590230657 
0.9878527816072715 0.9932231613721649 0.9824873159091936 0.9597459732872459 0.9336855534380993 0.9142602509830355 0.9088898712181421 0.9196257166811136 0.9423670593030614 0.9684274791522076 
1.3088156961880408 1.103764743093048 0.8403844377229871 0.6192771047618948 0.5248982302390685 0.5932973364022663 0.798348289497259 1.06172859486732 1.2828359278284125 1.3772148023512385 
1.2129029365699697 0.6624127459187514 0.2221746649103988 0.06034467734807275 0.23873633808160932 0.6892100960203372 1.2397002866715554 1.6799383676799082 1.8417683552422344 1.6633766945086976 
0.3008966684850891 0.3010718484624636 0.5495190793856153 0.9513399634526939 1.3530525803396067 1.6012163641052177 1.6010411841278436 1.352593953204692 0.9507730691376133 0.5490604522507003 
1.3785592508176034 1.213661889418545 0.9484582011146993 0.6842469808963022 0.5219479346776981 0.5235537817727037 0.688451143171762 0.9536548314756079 1.217866051694005 1.380165097912609 
1.235117464273079 0.6624127459187514 0.1999601372072896 0.02440081648041593 0.2027924772139525 0.6669955683172281 1.2397002866715554 1.7021528953830176 1.8777122161098914 1.6993205553763546 
0.05596414678708828 0.06288925850215243 0.409064074999353 0.9622615824260172 1.5111791354368818 1.8461488858032185 1.8392237740881543 1.4930489575909542 0.93985145016429 0.39093389715342525 
0.8417679330564332 0.6881371787001427 0.6349326750055383 0.7024767340293894 0.8649698209627142 1.060345099533874 1.2139758538901644 1.2671803575847689 1.1996362985609177 1.037143211627593 
1.1653957889348157 0.8284899394495094 0.5384003564345134 0.4059314008192717 0.4816817111946055 0.7367172436554912 1.0736230931407975 1.3637126761557936 1.4961816317710355 1.4204313213957014 
1.2473119524202232 0.6624127459187514 0.18776564906014515 0.00466972018292835 0.1830613809164649 0.6548010801700834 1.2397002866715554 1.7143473835301621 1.8974433124073788 1.719051651673842 
1.0780698800227577 0.5376797005443055 0.15518541452147455 0.07668683871236194 0.3321677610075889 0.8240431525675493 1.3644333320460014 1.7469276180688327 1.8254261938779455 1.569945271582718 
0.626405637015268 0.16505995992493727 0.003938252327656553 0.2045835302001648 0.690356117077331 1.275707395575039 1.7370530726653697 1.8981747802626507 1.6975295023901427 1.2117569155129762 
0.2504128227045529 0.6447254211466665 1.156046086124524 1.589067702766782 1.778390731379525 1.6517002098857543 1.2573876114436406 0.7460669464657831 0.313045329823525 0.12372230121078191 
0.32438473886431207 0.7257047920290571 1.2131015444400568 1.600406002682626 1.739681027702468 1.577728293725995 1.1764082405612502 0.6890114881502506 0.3017070299076814 0.1624320048878393 
3.6554695816985667 0.9942163023922773 2.4100650762612985 5.257054774884847 6.45929949422499 5.557582614288875 2.8963293349825854 0.5079520436709913 3.35494174229454 4.557186461634684 
0.8738680798998171 0.949945178528116 1.026446770410442 1.0741518476412195 1.0748386921542301 1.02824495269049 0.952167854062191 0.8756662621798652 0.8279611849490878 0.8272743404360772 
685.1215076257598 1.2678369062254626 687.5361820962266 1111.5523454848092 1111.3565644368628 687.0236206583502 0.6342761263650543 685.6340690636364 1109.650232452219 1109.4544514042723 
0.9359709661406476 0.9661257237881469 0.9905245563568473 0.9998479390913233 0.9905346566771288 0.9661420664496595 0.9359873088021601 0.9115884762334598 0.902265093498984 0.9115783759131783 
0.9461595331659018 0.9522856939350586 0.9579423506239831 0.9609688526401954 0.9602091790805227 0.9559534994244052 0.9498273386552485 0.9441706819663241 0.9411441799501119 0.9419038535097845 
0.9274952293661995 0.9200425550296847 0.9244361597708064 0.9389978359115886 0.9581655180994211 0.9746178032241076 0.9820704775606224 0.9776768728195008 0.9631151966787187 0.943947514490886 
0.9211416263157418 0.921361860413503 0.9329244437738229 0.951412862550813 0.969765169169905 0.9809714062745652 0.9807511721768041 0.9691885888164843 0.9507001700394941 0.9323478634204021 
1.039778329555198 0.9459829093149669 0.8541254344956084 0.7992923383573797 0.8024279999166937 0.862334703035109 0.9561301232753402 1.0479875980946989 1.1028206942329275 1.0996850326736134 
1.234403751149806 0.6624127459187514 0.20067385033056231 0.025555628572087884 0.20394728930562445 0.6677092814405006 1.2397002866715554 1.701439182259745 1.8765574040182191 1.6981657432846826 
0.5579635864592687 0.5593455382323912 0.7103477698590247 0.9532925612348792 1.1953832594441305 1.3441494461310384 1.3427674943579158 1.1917652627312825 0.9488204713554281 0.7067297731461764 
0.9274630787916828 0.921361860413503 0.926602991297882 0.9411845375864734 0.9595368442055653 0.9746499537986244 0.9807511721768041 0.9755100412924252 0.9609284950038338 0.9425761883847417 
0.9690013153986448 0.941437647400327 0.9175480603865038 0.9064575646192575 0.9124023525295896 0.9331117171916623 0.96067538518998 0.9845649722038033 0.9956554679710496 0.9897106800607176 
0.045453739300109965 0.23586297853180338 0.699451840654815 1.2591451371440434 1.7011590520160753 1.8566592932901969 1.6662500540585037 1.202661191935492 0.642967895446264 0.200953980574232 
0.5785855295767273 0.7213827006461264 0.9519074629675766 1.1821071925827744 1.3240534169797509 1.3235275030135798 1.1807303319441806 0.9502055696227307 0.7200058400075326 0.5780596156105562 
0.9188863701384287 0.9376667854706771 0.9615616228776637 0.9814438666255715 0.98971917537531 0.9832266624518785 0.9644462471196299 0.9405514097126436 0.9206691659647358 0.9123938572149971 
0.995779767495578 0.4338803754391376 0.06952469101919238 0.041884201689930435 0.3615166349094514 0.906333265094729 1.4682326571511692 1.8325883415711148 1.860228830900377 1.5405963976808559 
0.02689855516394341 0.2571999352764759 0.7525309460203481 1.32369197697324 1.752518927360578 1.8752144774263637 1.6449130973138313 1.1495820865699593 0.5784210556170672 0.1495941052297292 
0.2784108085320398 0.5288740400161859 0.9405966279843014 1.3563145377686348 1.617237657563633 1.6237022240582673 1.3732389925741213 0.9615164046060057 0.5457984948216725 0.2848753750266742 
0.5708975836985632 0.6337480942822888 0.8177996371583336 1.0527507786299068 1.2488581683504525 1.3312154488917438 1.2683649383080182 1.0843133954319737 0.8493622539604005 0.6532548642398548 
0.9152658446113625 0.4748426485630604 0.2163169640743712 0.23843681565514235 0.5327531718276227 0.9868471879789444 1.4272703840272465 1.685796068515936 1.6636762169351649 1.3693598607626845 
0.7715343734007228 0.328253449700609 0.12286212914194702 0.2338129151839205 0.6187263786370133 1.1305786591895841 1.573859582889698 1.7792509034483603 1.668300117406387 1.2833866539532939 
0.3625060488139838 0.02746506123622383 0.04520461777200399 0.4089488107700065 0.9797597217153959 1.539606983776323 1.8746479713540831 1.8569084148183033 1.493164221820301 0.9223533108749111 
0.5157107250768918 0.9312786872915962 1.3544011079619762 1.6234596037940776 1.6356829743419594 1.3864023075134153 0.9708343452987108 0.547711924628331 0.2786534287962296 0.26643005824834765 
0.7880838023561068 1.2338683196543423 1.57162834048902 1.6723510169421645 1.4975637100465342 1.1140292302342005 0.6682447129359648 0.3304846921012874 0.22976201564814264 0.40454932254377296 
0.6794471896699055 1.1826089540787343 1.597325557432131 1.765189352948006 1.6220820762198578 1.222665842920402 0.7195040785115728 0.3047874751581762 0.136923679642301 0.28003095637044934 
0.7034301802550972 1.2865768830939732 1.741566209733532 1.89460770191589 1.6872447113163878 1.19868285233521 0.6155361494963341 0.16054682285677516 0.00750533067441724 0.21486832127391942 
0.8672281263713694 1.442548595702407 1.8301357959012365 1.881944590096314 1.5781857798212693 1.034884906218938 0.45956443688790016 0.07197723668907081 0.020168442493992925 0.32392725276903783 
0.9473649536004299 1.2073845656997877 1.3694955751965376 1.371777086413478 1.2133576396114518 0.9547480789898772 0.6947284668905193 0.5326174573937694 0.5303359461768291 0.6887553929788552 
0.9474386751022186 1.012829553694699 1.0546252315888716 1.0568611804120047 1.0186833437107674 0.9546743574880885 0.8892834788956082 0.8474878010014357 0.8452518521783025 0.8834296888795399 
1.2707876224224013 1.178299564361788 0.9990123856468466 0.8014076947996076 0.6609637673873016 0.6313254101679058 0.723813468228519 0.9031006469434607 1.1007053377906995 1.2411492652030054 
0.9916270626130662 1.0447033634656542 1.0620097516383782 1.036935775071756 0.9790588405811199 0.9104859699772408 0.8574096691246528 0.8401032809519291 0.865177257518551 0.9230541920091873 
0.9561392839225619 0.5359196860722877 0.2742682473852538 0.27112692423459767 0.5276955952942234 0.9459737486677452 1.3661933465180194 1.6278447852050535 1.6309861083557096 1.3744174372960838 
0.8996371057973406 0.8947808112292202 0.9114199232554218 0.9431988666245532 0.9779791650961647 1.0024759267929666 1.007332221361087 0.9906931093348855 0.958914165965754 0.9241338674941423 
0.9570505596993506 0.8806908059661892 0.8312083619361628 0.8275038393823269 0.8709922400081563 0.9450624728909565 1.0214222266241177 1.0709046706541445 1.0746091932079804 1.0311207925821508 
0.04082714035356037 0.23014418772923906 0.6948252417082653 1.2573779335987758 1.7029262555613427 1.8612858922367466 1.671968844861068 1.2072877908820419 0.6447350989915315 0.19918677702896448 
0.5780024565265914 0.7213827006461264 0.9524905360177124 1.1830506245958186 1.3249968489927948 1.3241105760637157 1.1807303319441806 0.9496224965725949 0.7190624079944887 0.5771161835975124 
0.9846416463754148 0.991639437801145 0.9831359325743557 0.9623791806681677 0.9372975558146959 0.9174713862148922 0.9104735947891619 0.9189771000159515 0.9397338519221394 0.9648154767756111 
0.9541391281817824 0.8690360430919425 0.8152619909923795 0.8133568320723183 0.8640482722852528 0.9479739044085247 1.0330769894983645 1.0868510415979278 1.0887562005179887 1.0380647603050543 
0.4549354441140577 0.14765585237772794 0.14724800767362353 0.4538676928165806 0.9503966097017809 1.4471775884762492 1.754457180212579 1.7548650249166837 1.4482453397737267 0.9517164228885263 
0.26330649731304134 0.01585930956219328 0.1256256685993741 0.5506785560937046 1.1286622160386361 1.6388065352772656 1.8862537230281138 1.776487363990933 1.3514344764966026 0.7734508165516711 
0.07801561240953071 0.4715134787085866 1.0481804862973427 1.5877494384675879 1.8841233347644546 1.8240974201807765 1.4305995538817207 0.8539325462929644 0.3143635941227194 0.017989697825852562 
0.25255390881493567 0.6447254211466665 1.1539050000141415 1.5856033526673428 1.7749263812800855 1.6495591237753713 1.2573876114436406 0.7482080325761657 0.3165096799229646 0.1271866513102215 
0.8684095922594943 0.9459829093149669 1.0254941717913122 1.07657277991098 1.0797084414702942 1.0337034403308127 0.9561301232753402 0.876618860798995 0.825540252679327 0.8224045911200127 
0.7001749138261562 0.2925199409611058 0.1364035570387062 0.291456914516586 0.6984549009079832 1.2019381187641507 1.6095930916292012 1.765709475551601 1.6106561180737213 1.203658131682324 
0.4002694517514286 0.09542856887524898 0.11740848018916508 0.45781360664096904 0.9866207598707779 1.5018435808388786 1.8066844637150579 1.784704552401142 1.4442994259493382 0.915492272719529 
0.14078588559772084 0.01721828884733967 0.2503451549880683 0.7511199448448956 1.3282637094015994 1.761327146992586 1.8848947437429675 1.6517678776022389 1.1509930877454118 0.5738493231887077 
0.1030605187496185 0.044076919320462093 0.3315286988329565 0.8556190476399695 1.41616326567301 1.7990525138406885 1.8580361132698449 1.5705843337573506 1.0464939849503376 0.485949766917297 
0.2515034343311349 0.589987418481159 1.0663875257088686 1.4987351072973731 1.7218880820336822 1.650609598259172 1.3121256141091482 0.8357255068814385 0.40337792529293415 0.18022495055662505 
0.3231157665253229 0.7318262560949997 1.224275253698652 1.6123639799775003 1.7478557321436785 1.5789972660649843 1.1702867764953075 0.677837778891655 0.289749052612807 0.1542573004466285 
0.5400112341407207 0.83062242278594 1.167235341747396 1.421275297034126 1.4957076602271029 1.3621017984495862 1.071490609804367 0.7348776908429113 0.4808377355561812 0.4064053723632041 
0.6389861533060224 0.6233613132446851 0.7329049027983284 0.9257749940071287 1.1283017674426163 1.2631268792842845 1.278751719345622 1.1692081297919787 0.9763380385831785 0.7738112651476907 
0.45066280648103013 0.15472007306973534 0.16295079449034944 0.47221111491212936 0.964374103305639 1.4514502261092768 1.7473929595205717 1.7391622380999578 1.4299019176781778 0.9377389292846684 
0.2568719988688774 0.007905832084090014 0.11919117015521015 0.5482207963885924 1.1311199757437485 1.6452410337214296 1.894207200506217 1.782921862435097 1.353892236201715 0.7709930568465587 
0.008056857736302542 0.07301189710075728 0.4733501373585131 1.0561559777274288 1.598817396028524 1.8940561748540046 1.82910113548955 1.4287628952317941 0.8459570548628786 0.3032956365617832 
0.7288430327517521 1.1826089540787343 1.5479297143502841 1.6852651999386217 1.5421579232104734 1.1732699998385552 0.7195040785115728 0.35418331824002297 0.2168478326516855 0.35995510937983366 
1.0606457396455122 1.533897175833867 1.7845232901038393 1.7167934252726142 1.3565780876522837 0.841467292944795 0.36821585675643986 0.11758974248646772 0.1853196073176928 0.5455349449380235 
1.2825633799137053 1.7347213919285984 1.8875460572409752 1.6826635480208343 1.1983320190899058 0.6195496526766018 0.1673916406617086 0.014566975349332077 0.219449484569473 0.7037810135004011 
1.2105274330680014 1.6249019127595505 1.7818903541643483 1.621528508506633 1.2050691503289876 0.6915855995223058 0.2772111198307567 0.12022267842595899 0.2805845240836742 0.6970438822613196 
1.2635533782186217 1.7199948417892579 1.8827280002735765 1.6895943182271902 1.2143642978194038 0.6385596543716855 0.18211819080104924 0.019385032316730957 0.21251871436311692 0.687748734770903 
1.4609047674047484 1.850885273679586 1.8971617786881532 1.5820582303977324 1.0259334742795703 0.4412082651855588 0.051227758910721205 0.004951253902153897 0.32005480219257465 0.8761795583107366 
1.1918708669303715 1.3403521506217828 1.3401357336723718 1.1913042800010725 0.9507063463152654 0.7102421656599356 0.5617608819685244 0.5619772989179351 0.7108087525892347 0.9514066862750417 
1.3811088562432652 1.6393421449530559 1.6346737174836168 1.3688867544542596 0.9435028419755871 0.521004176347042 0.2627708876372512 0.2674393151066905 0.5332262781360477 0.95861019061472 
1.1932794392714818 1.3414258536688217 1.3404644493551954 1.1907624501014764 0.9495009314387749 0.7088335933188252 0.5606871789214853 0.5616485832351119 0.7113505824888307 0.9526121011515322 
1.0390727092803587 1.083272209888159 1.0769698093895732 1.0225728105643461 0.940859018077727 0.8630403233099484 0.818840822702148 0.8251432232007341 0.879540222025961 0.96125401451258 
1.3932118503149775 1.3486170269531046 1.1521676011046598 0.8789005763733457 0.6331946682019671 0.5089011822753297 0.5534960056372022 0.7499454314856475 1.0232124562169613 1.2689183643883397 
0.8188247349782203 0.818719287212495 0.8691621629793643 0.9508858982261723 1.0326748037762365 1.0832882976120868 1.083393745377812 1.0329508696109428 0.9512271343641348 0.8694382288140706 
0.9850173917837454 0.9932231613721649 0.9853227057327199 0.9643337303930668 0.9382733105439203 0.9170956408065617 0.9088898712181421 0.9167903268575874 0.9377793021972404 0.9638397220463869 
0.9331590240059509 0.8986054560277622 0.8840864103257481 0.8951476688738645 0.9275642068650815 0.9689540085843562 1.003507576562545 1.018026622264559 1.0069653637164426 0.9745488257252256 
0.7318496713494995 0.591288816604864 0.5881469950875542 0.7236242758305963 0.9459729422935603 1.1702633612408075 1.310824215985443 1.3139660375027529 1.1784887567597109 0.9561400902967468 
0.8128742415805482 0.725632758740242 0.7244954894141962 0.8098968318305974 0.9492163758712485 1.0892387910097587 1.176480273850065 1.1776175431761111 1.0922162007597098 0.9528966567190587 
0.22126099368569987 0.01677214758919865 0.16914817518063346 0.6201866129907682 1.197606108008787 1.680852038904607 1.8853408850011086 1.7329648574096739 1.2819264195995392 0.7045069245815203 
0.1614778282770422 0.043715685682063854 0.2725269010007246 0.7605133669884666 1.321280839687917 1.7406352043132645 1.858397346908243 1.6295861315895825 1.1415996656018408 0.5808321929023901 
0.8792550980233115 0.9459829093149669 1.0146486660274951 1.059024382959941 1.0621600445192554 1.0228579345669957 0.9561301232753402 0.8874643665628121 0.843088649630366 0.8399529880710519 
0.2100822521758175 0.003885740265234916 0.159476271647467 0.6174235516621583 1.202807284399262 1.6920307804144892 1.8982272923250723 1.7426367609428401 1.284689480928149 0.699305748191045 
0.009761623391266948 0.020176619588457956 0.38615609688361546 0.9679083341349094 1.5432237497436387 1.8923514091990399 1.881936413001849 1.515956935706692 0.9342046984553978 0.3588892828466685 
0.026250717220697738 0.14121140658135578 0.5655054022297968 1.1370668190508164 1.6375786224768312 1.8758623153696092 1.7609016260089514 1.3366076303605103 0.7650462135394908 0.264534410113476 
0.2674978679728239 0.589987418481159 1.0503930920671798 1.4728555700343158 1.6960085447706246 1.6346151646174831 1.3121256141091482 0.8517199405231275 0.4292574625559915 0.20610448781968235 
0.5028854629458017 1.024390841567999 1.51788500047801 1.7948699442217517 1.7495468386610928 1.3992275696445053 0.8777221910223081 0.3842280321122972 0.10724308836855541 0.15256619392921422 
0.7611874001398965 1.1612709191807218 1.481059681244024 1.5984052484418747 1.4684856025338295 1.1409256324504107 0.7408421134095854 0.42105335134628313 0.3037077841484326 0.4336274300564776 
0.9556950169376216 1.3610869342089418 1.6098611682585189 1.6069944172046353 1.3535816825125904 0.9464180156526857 0.5410260983813654 0.2922518643317884 0.29511861538567186 0.5485313500777166 
0.6250214224520051 0.42318728391646065 0.4229812505342605 0.6244820200545877 0.9507231472799365 1.277091610138302 1.4789257486738463 1.4791317820560468 1.2776310125357195 0.9513898853103707 
0.22817393292955526 0.014484123833779394 0.15853313573344266 0.6052991421287116 1.1841327135946467 1.6739390996607515 1.8876289087565274 1.7435798968568643 1.2968138904615956 0.7179803189956606 
0.08138962230570056 0.08801909443934242 0.42429952815882266 0.961783227534856 1.4951696878048288 1.8207234102846062 1.8140939381509646 1.4778135044314844 0.9403298050554512 0.40694334478547833 
0.10496234876591118 0.30714753921326643 0.7552840732447255 1.2781990264608447 1.6761566599586282 1.7971506838243958 1.5949654933770407 1.1468289593455816 0.6239140061294624 0.22595637263167892 
0.5762560749135782 1.1293810439141367 1.614392104392013 1.8460315161642893 1.7358208970679883 1.325856957676729 0.7727319886761705 0.2877209281982941 0.05608151642601791 0.16629213552231875 
0.7522587536464699 1.3239645977464058 1.7532322294114782 1.876096003615799 1.645626134599411 1.1498542789438375 0.5781484348439012 0.1488808031788291 0.026017028974508163 0.2564868979908963 
0.8953718549701147 1.2865234053993735 1.549538006291012 1.5839530196419127 1.376623080075313 1.0067411776201924 0.6155896271909337 0.35257502629929516 0.3181600129483944 0.525489952514994 
0.7265567256645724 0.8981976012408277 1.090028785759392 1.2287772868363265 1.2614458929483432 1.1755563069257347 1.0039154313494794 0.8120842468309152 0.6733357457539808 0.6406671396419639 
0.03248510197518544 0.03386756306787675 0.38558503018745016 0.9532933853312523 1.520147332531647 1.8696279306151216 1.8682454695224302 1.5165280024028571 0.948819647259055 0.3819657000586603 
0.03154502520118423 0.14808713856497968 0.5713362622963486 1.139625616838518 1.6358879842011183 1.8705680073891227 1.7540258940253275 1.3307767702939586 0.7624874157517896 0.26622504838918903 
0.1552964598189729 0.19886533966856879 0.5297456829517446 1.0215524447435602 1.4864321579365651 1.746816572771334 1.7032476929217382 1.3723673496385627 0.8805605878467471 0.4156808746537421 
0.46330051253263915 0.15793313050540247 0.1555119245774554 0.4569617131195108 0.9471389228099723 1.4388125200576678 1.7441799020849045 1.7466011080128518 1.4451513194707966 0.9549741097803349 
0.5907372265499097 0.22485538331382748 0.13635769020792954 0.35904725807271165 0.8078642409238533 1.3113758060403973 1.6772576492764792 1.7657553423823777 1.5430657745175957 1.0942487916664536 
1.7449670185236876 1.6993936124456765 1.3679808706805643 0.877317196277831 0.4148194358144096 0.1571460140666196 0.2027194201446303 0.5341321619097429 1.024795836312476 1.4872935967758973 
1.4610400108046406 1.7476037396869817 1.729913502878 1.4147263695696917 0.9224331118691865 0.4410730217856667 0.15450929290332546 0.17219952971230726 0.48738666302061545 0.9796799207211204 
0.9469807912925275 1.4399241918605203 1.7461367563636998 1.7486556929441204 1.4465188534435671 0.9551322412977796 0.4621888407297867 0.15597627622660745 0.15345733964618682 0.4555941791467399 
0.27187559317457455 0.261086358710666 0.5138422732209106 0.9335991682199576 1.360024176830292 1.6302374394157326 1.641026673879641 1.3882707593693966 0.9685138643703497 0.5420888557600152 
0.2838741487710971 0.10104268134926186 0.2428876079691141 0.655228987793605 1.180566428697809 1.6182388838192099 1.801070351241045 1.659225424621193 1.2468840447967025 0.7215466038924981 
0.38186136352672734 0.06930710159417519 0.09355114651707062 0.44533309715964675 0.9902842050051773 1.5202516690635797 1.832805930996132 1.8085618860732366 1.4567799354306608 0.9118288275851296 
0.9533863375662863 0.9315534179247098 0.9171700189747103 0.9157301102414377 0.9277836879203046 0.9487266950240208 0.9705596146655973 0.984943013615597 0.9863829223488695 0.9743293446700024 
0.48871375936362516 1.0125357176074665 1.5128747105512015 1.798618248787217 1.7606220127750107 1.413399273226682 0.8895773149828407 0.38923832203910563 0.10349478380308999 0.14149101981529652 
0.302475225425862 0.7318262560949997 1.2449157947981129 1.645761077022617 1.7812528291887955 1.5996378071644453 1.1702867764953075 0.6571972377921942 0.25635195556769014 0.12086020340151167 
0.4874947934984688 0.2493576969847522 0.27924569958193785 0.5657426001537459 0.999416320353245 1.414618239091838 1.6527553356055549 1.6228673330083694 1.3363704324365613 0.9026967122370622 
0.6589315804454633 0.2052642370369715 0.03646419575785193 0.21700733507434303 0.6779323122031526 1.2431814521448437 1.6968487955533356 1.8656488368324553 1.6851056975159642 1.2241807203871544 
0.2792031078719077 0.5288740400161859 0.9398043286444335 1.3550325705074642 1.6159556903024626 1.6229099247183993 1.3732389925741213 0.9623087039458738 0.547080462082843 0.2861573422878446 
0.11440584856659548 0.28183158952270626 0.7048785063872325 1.2219570557537762 1.635560806617808 1.7877071840237115 1.620281443067601 1.1972345262030748 0.6801559768365313 0.2665522259724991 
0.8266353506994503 0.41552908891667517 0.20897610248468784 0.28587261174271145 0.616846763770402 1.0754776818908567 1.4865839436736317 1.6931369301056194 1.6162404208475958 1.2852662688199052 
1.3319761308131757 1.0624744296993154 0.7504148726206581 0.5149936038670123 0.44613354642764796 0.5701369017771315 0.8396386028909915 1.1516981599696492 1.3871194287232946 1.4559794861626592 
0.019161847476402705 0.19076683703865693 0.6527766427811368 1.2287192220459517 1.6986040851222224 1.8829511851139042 1.71134619555165 1.2493363898091703 0.6733938105443557 0.20350894746808473 
1.8563535873884156 1.855969321299906 1.509939120554587 0.9504347607032209 0.3911678903552779 0.04575944520189138 0.04614371129040112 0.3921739120357202 0.9516782718870862 1.510945142235029 
0.213049433716004 0.01585930956219328 0.17588273219641143 0.6319961931684761 1.2099798531134076 1.6890635988743032 1.8862537230281138 1.726230300393896 1.2701168394218312 0.6921331794768996 
1.7322764798410306 1.559345163217944 1.1540682584410362 0.6712477682797302 0.29530470951076154 0.16983655274927661 0.34276786937236275 0.7480447741492711 1.2308652643105769 1.6068083230795456 
1.8554967815874446 1.7347213919285984 1.314612655567236 0.755637830822628 0.2713063018916998 0.04661625100286243 0.16739164066170842 0.5875003770230713 1.1464752017676791 1.6308067306986074 
1.6830721159486108 1.87512022163184 1.714207399646623 1.2617968787656504 0.6906941010974106 0.21904091664169645 0.02699281095846699 0.18790563294368434 0.6403161538246566 1.2114189314928963 
1.6614726625066651 1.6326422980546178 1.3434693312191235 0.9044080067036944 0.48316482732767735 0.24064037008364209 0.26947073453568915 0.5586437013711838 0.9977050258866128 1.4189482052626294 
1.504995267010964 1.8538001135951903 1.85778758913715 1.5154346135091241 0.9575083872513537 0.3971177655793431 0.048312918995116964 0.04432544345315698 0.3866784190811829 0.9446046453389533 
1.207687248675847 1.608915302886407 1.7588636604168721 1.6002571452478251 1.193678055336667 0.6944257839144602 0.2931977297039002 0.14324937217343514 0.3018558873424819 0.7084349772536399 
1.2112762709918947 1.619287724553751 1.7720575689042324 1.6112329159574865 1.198243316910264 0.6908367615984125 0.28282530803655614 0.1300554636860747 0.29088011663282076 0.7038697156800433 
0.9114484498013912 1.4831092138442155 1.851543931229366 1.876023062551177 1.547196411659789 0.990664582788916 0.4190038187460918 0.050569101360941254 0.02608997003913022 0.3549166209305182 
0.5722301567513666 1.1293810439141367 1.6184180225542248 1.8525455885866733 1.7423349694903723 1.3298828758389407 0.7727319886761705 0.28369501003608244 0.04956744400363394 0.15977806309993478 
150.47332136591766 1.2169479815971052E-5 150.11003041128296 242.51987216321336 241.93209443207306 148.57120833332738 1.9021008631104452 152.0121434438733 244.42198519580367 243.83420746466336 
5878.123250907055 0.15059205113635243 5877.516316585878 9509.808490455172 9509.313776208917 5876.221137874465 1.7515209814521584 5879.4184296184685 9511.710603487763 9511.215889241506 
0.7161081664934156 1.3022477359023417 1.7542441959718504 1.8994502617500242 1.6824021514822534 1.1860048660968916 0.5998652966879656 0.14786883661845676 0.00266277084028299 0.21971088110805367 
0.0073427917560282985 0.2330745292343216 0.7330509824596654 1.3162981398746005 1.7600354111883818 1.8947702408342786 1.6690385033559856 1.169062050130642 0.5858148927157067 0.14207762140192534 
1.3370307964202253 1.7747341605237348 1.89782066030537 1.6592754364048028 1.1502146564980957 0.565082236170082 0.12737887206657242 0.004292372284937179 0.24283759618550438 0.7518983760922112 
1.90154096446546 1.8832155945451197 1.5088371396550653 0.921405444907628 0.3452994516273762 5.720681248471727E-4 0.01889743804518746 0.39327589293524196 0.9807075876826791 1.556813580962931 
0.3965001832450622 0.0228828800473192 0.003796358434667524 0.3465310209361305 0.9201738755988735 1.5056128493452445 1.879230152542988 1.8983166741556396 1.5555820116541768 0.9819391569914336 
697.6189756682944 1.9021245432279734 701.0599490940753 1132.7999725062598 1132.212180140002 699.5210887008849 1.1510637452511459E-5 699.157836061485 1130.8978594736693 1130.3100671074117 
0.11885028276882281 0.5432469770682399 1.1234130544159044 1.637744792384709 1.889784948563375 1.7832627498214844 1.3588660555220673 0.7786999781744027 0.26436824020559807 0.012328084026931795 
1.4515139917864996 2589.6222843326836 4191.18511680221 4191.494416531989 2590.4320415379534 0.4505990408027381 2591.5243973652728 4193.0872298348 4193.396529564579 2592.3341545705443 
1568.1811338138566 1568.1376897507537 969.4822185066035 0.8807625455855189 967.6938435078252 1566.279020781266 1566.2355767181632 967.5801054740132 1.021350487004518 969.5959565404155 
3664.286561441649 0.7443591675113963 3665.8542311385227 5931.095655881235 5931.223401868168 3666.18867447424 1.1577538650800308 3663.9521181059326 5929.193542848645 5929.321288835577 
1307.6714718360952 0.44314642826313244 1308.7517690830211 2117.5249700486215 2117.838875746254 1309.573584868686 1.4589666043275744 1306.8496560504304 2115.622857016031 2115.9367627136635 
4759.299019263101 1.7347213919285984 4756.128909825947 7696.949681102292 7697.434012631223 4757.396906230512 0.16739164066025444 4758.031022858537 7698.851794134882 7699.336125663814 
1774.9146311757197 1774.488322105564 1095.9045153668521 1.6408390815188945 1098.9227200348214 1776.8167442083097 1776.3904351381543 1097.8066283994424 0.26127395107162893 1097.020607002231 
3208.490137027054 0.6712035864538933 3207.040835546799 5189.4090075460335 5189.236048923541 3206.588023994465 1.2309094461354333 3208.942948579389 5191.311120578624 5191.138161956132 
3525.662146997193 1.8072912550883142 3522.3746170548866 5700.765871495788 5701.29505366671 3523.7600339646037 0.09482177750091589 3524.2767300874766 5702.667984528379 5703.1971666993 
3257.393771024422 1.0249322785609096 3255.3721244975413 5267.9644044805345 5268.010062212559 3255.491657991833 0.8771807540284022 3257.2742375301314 5269.8665175131255 5269.91217524515 
3845.3149320676885 0.22186756199391489 3844.5926715473793 6220.540211760412 6220.0895482024325 3843.4128190350993 1.680245470595217 3846.4947845799693 6222.442324793002 6221.991661235023 
3612.671173468093 0.13808592165026579 3612.084474489492 5844.250264617449 5843.747821158104 3610.769060435504 1.7640271109389372 3613.986587522082 5846.15237765004 5845.649934190694 
4668.363482751071 0.6401738967006447 4666.964388363496 7551.583907290199 7551.391771264779 4666.461369718482 1.261939135888236 4668.866501396086 7553.48602032279 7553.293884297369 
1434.1931215774266 0.9263249826911772 1436.0552181480518 2323.023098966504 2323.0383838948655 1436.0952346100175 0.9757880498995684 1434.1531051154614 2321.120985933914 2321.1362708622755 
3793.5024337319487 0.12434250210638742 3792.9379720732923 6136.86362727279 6136.352689913046 3791.6003206993596 1.7777705304827602 3794.8400851058823 6138.76574030538 6138.254802945637 
3170.90316413178 0.6853354093839211 3169.4309968817006 5128.569142097435 5128.404917421835 3169.001051099191 1.216777623205417 3171.3331099142906 5130.471255130025 5130.307030454426 
5488.648235372337 1.736806852277783 5485.474751589455 8877.0581280894 8877.54374850371 5486.746122339748 0.16530618031084704 5487.376864622046 8878.960241121991 8879.4458615363 
5440.277188199114 0.4066836422883583 5439.255888979219 8800.944314254688 8800.607873316 5438.375075166525 1.4954293903002862 5441.15800201181 8802.846427287279 8802.50998634859 
3291.6590065579367 0.031194809508987675 3291.2452610318765 5325.014621207102 5324.446115407359 3289.7568935253476 1.8709182230803136 3293.1473740644665 5326.916734239692 5326.34822843995 
3135.8583307217923 1.4399617784695717 3133.1651523577248 5070.644399396008 5070.946559465312 3133.956217689203 0.46215125411977726 3135.067265390315 5072.546512428599 5072.848672497902 
4093.4155294130414 0.02350549989121109 4093.0142254512925 6622.2963674529055 6621.723109398467 4091.5134163804523 1.8786075326978449 4094.9163384838826 6624.198480485496 6623.625222431058 
5834.095483610836 1.5555468755383468 5831.215284631117 9436.296801862578 9436.670397450462 5832.193370578247 0.34656615705017774 5833.117397663709 9438.198914895169 9438.572510483053 
5319.552820120671 1.736806852277783 5316.379336337789 8603.455998870428 8603.941619284737 5317.650707088082 0.1653061803108987 5318.28144937038 8605.358111903019 8605.843732317326 
1372.6372996259702 1372.1672146695391 847.9391632216203 0.19044307918996292 847.267748582566 1370.7351865933795 1370.2651016369487 846.0370501890301 1.711669953400128 849.169861615156 
3891.3757174990565 0.1450982358723637 3890.7776723577044 6295.192343515838 6294.694233905023 3889.4736044664673 1.7570147967167542 3892.6797853902945 6297.094456548429 6296.596346937614 
2226.246531588552 0.9086992188460498 2224.412954102906 3599.721192708905 3599.6950144594107 2224.344418555962 0.9934138137435772 2226.3150671354965 3601.6233057414956 3601.5971274920007 
3724.077103316566 0.053532644423827436 3723.627214414378 6024.6456557369775 6024.0909554784475 3722.174990283977 1.8485803881653415 3725.529327446968 6026.5477687695675 6025.993068511038 
4390.722327687128 0.1450982358723637 4390.124282545777 7103.152130967183 7102.6540213563685 4388.82021465454 1.7570147967166017 4392.026395578367 7105.054243999774 7104.5561343889585 
4623.225162851869 0.18739083833348646 4622.558686842262 7479.281189876194 7478.809218531172 4621.323049819281 1.7147221942554078 4624.4607998748525 7481.183302908784 7480.711331563762 
5275.540341098671 0.27191907635028845 5274.737095526943 8534.612550094846 8534.192820073926 5273.638228066082 1.6301939562384062 5276.639208559534 8536.514663127435 8536.094933106517 
2568.8913644732647 0.6483959077604038 2567.47896659234 4154.55335799062 4154.366303447489 2566.9892514406756 1.2537171248291183 2569.38107962493 4156.45547102321 4156.268416480079 
3328.957072495024 0.3521789867194849 3328.0239636603865 5384.844796299367 5384.474669630991 3327.054959462435 1.5499340458698048 3329.9260766929765 5386.746909331957 5386.376782663581 
4442.681221674763 1.6933552525329172 4439.578044057135 7184.718254980752 7185.177020829554 4440.779108642175 0.20875778005603254 4441.480157089725 7186.620368013343 7187.079133862145 
2962.1655327334756 0.3070879727667849 2961.305382692 4791.436576972435 4791.038582524849 2960.2634197008865 1.595025059822617 2963.20749572459 4793.3386900050255 4792.9406955574395 
1.155529061487093 1141.8082464535985 1848.2768091943235 1848.4031801770186 1142.1390899814855 0.746583971102813 1143.7103594861887 1850.178922226914 1850.305293209609 1144.041203014076 
1681.1093352620558 0.9251125754605802 1679.2492004075375 2717.644123151938 2717.6280889147 1679.2072222294657 0.9770004571292132 1681.1513134401282 2719.5462361845284 2719.5302019472906 
5096.091883105904 0.20685878346714848 5095.39390729938 8244.364115598994 8243.904176105756 5094.189770073315 1.6952542491216014 5097.296020331971 8246.266228631583 8245.806289138345 
4795.32450628608 1.693493226045109 4792.221105422618 7755.306852140432 7755.765703261553 4793.422393253491 0.2086198065437329 4794.123218455208 7757.208965173022 7757.667816294143 
5133.803378453285 1.8852164903050421 5130.389762831817 8302.666957022695 8303.244299637565 5131.901265420696 0.016896542283696376 5132.291875864409 8304.569070055286 8305.146412670156 
407.075959148786 658.0271664379985 657.9976329326823 406.9986394280614 0.9032703008866644 405.17384611619576 656.1250534054083 656.0955199000921 405.0965263954712 0.9988427317035888 
1907.864335186047 1.3005001514470194 1910.3318598974654 3090.0446502184573 3089.8286821747806 1909.7664482186378 0.6016128811438711 1908.4297468648747 3088.142537185867 3087.92656914219 
3721.886766668829 1.8904252151832202 3718.4647231534705 6018.129461980964 6018.710023764845 3719.9846536362397 0.011687817405949976 3720.3668361860605 6020.031575013554 6020.612136797435 
1219.8488703186874 0.9213194425879252 1217.9948728820814 1971.3151506249008 1971.2967721026234 1217.9467572860972 0.9807935900020093 1219.8969859146719 1973.217263657491 1973.1988851352137 
5345.553104321207 1.1877104062555488 5343.268077251091 8646.413799136817 8646.560059284384 5343.650991288618 0.7144026263331248 5345.170190283682 8648.315912169408 8648.462172316973 
2609.4444355020237 0.7293846533741404 2610.9878759260578 4224.301014072884 4224.438014818518 2611.346548534614 1.1727283792169643 2609.0857628934677 4222.398901040294 4222.535901785928 
4206.7524400728935 0.07106149856933741 4206.274188888914 6805.602393858226 6805.0585270273405 4204.850327040304 1.8310515340196842 4208.176301921504 6807.504506890817 6806.960640059931 
903.1627174783745 1460.2526128056509 1459.9389134660114 902.3414419449498 0.4434803225101238 901.2606044457839 1458.3504997730604 1458.036800433421 900.4393289123597 1.4586327100800212 
2880.700193682993 0.3521789867194849 2879.7670848483554 4659.549930690558 4659.179804022182 2878.798080650404 1.549934045869942 2881.6691978809454 4661.452043723148 4661.081917054772 
5415.7289734609385 1.5528743360139399 5412.853098741008 8759.369892945153 8759.741836812775 5413.826860428349 0.3492386965747123 5414.755211773599 8761.272005977744 8761.643949845366 
3492.917820975948 0.3121773084457232 3492.0494362163645 5650.203584237429 5649.808735172272 3491.015707943359 1.5899357241435164 3493.951549248954 5652.105697270019 5651.710848204862 
1639.401666231295 1.7623028411635744 1636.1869290718191 2648.805094763678 2649.306472565695 1637.499553198705 0.13981019142623233 1638.0890421044096 2650.7072077962684 2651.208585598285 
5738.474761511728 0.7488287558819029 5736.899859868954 9282.884520814358 9282.759537184953 5736.5726484791385 1.1532842767066507 5738.801972901545 9284.786633846948 9284.661650217544 
1705.9280494219588 1.3366067178737695 1703.4021030588447 2757.135834711133 2757.3741178400783 1704.0259363893686 0.5655063147160165 1705.3042160914351 2759.0379477437236 2759.2762308726687 
4482.068509546777 1.736806852277783 4478.895025763895 7248.377919317093 7248.863539731403 4480.166396514188 0.16530618031115468 4480.797138796485 7250.280032349684 7250.765652763994 
5618.4215387632485 1.5620793701231506 5615.530769985261 9087.318458813143 9087.696091704709 5616.519425730658 0.3400336624654399 5617.432883017852 9089.220571845732 9089.5982047373 
5713.234050106028 1.5522353113160174 5710.359209349776 9240.74425274623 9241.115801674869 5711.331937073439 0.3498777212725438 5712.261322382367 9242.64636577882 9243.01791470746 
5005.681031426355 1.7105968273089378 5002.549956354718 8095.643185364544 8096.1126070925775 5003.778918393765 0.19151620527983987 5004.452069387309 8097.545298397134 8098.0147201251675 
3074.545995156368 0.6365416743127831 3073.1527778280715 4972.738917557284 4972.544536694973 3072.6438821237784 1.2655713582765844 3075.0548908606615 4974.641030589874 4974.446649727563 
4862.33405187507 0.04521603748849656 4861.897619525573 7866.397542988069 7865.8377027837805 4860.43193884248 1.8568969951003245 4863.799732558164 7868.299656020659 7867.739815816371 
2982.302914631259 1.889202105129073 2985.7229791129785 4829.475330355265 4828.89552449497 2984.2050276638497 0.012910927462145842 2983.8208660803884 4827.573217322675 4826.993411462379 
2849.216203131556 1.275804104613363 2846.7886374633026 4607.113307043237 4607.314012090582 2847.314090098967 0.6263089279760736 2848.6907504958926 4609.015420075828 4609.216125123172 
5684.280471871969 0.18718078551503625 5683.614335734962 9196.105083686838 9195.632982522035 5682.37835883938 1.714932247073534 5685.516448767553 9198.007196719429 9197.535095554626 
2493.069105142252 1.8289942843029032 2489.7464589610186 4029.9601169889233 4030.5027123695586 2491.1669921096623 0.07311874828664214 2491.6485719936086 4031.8622300215134 4032.404825402149 
945.0183100355359 945.3950561852488 585.0262949323157 1.5606445916611533 582.1378476746467 943.1161970029457 943.4929431526584 583.1241818997255 0.3414684409289916 584.0399607072368 
3810.9393122780816 0.21224019771217328 3810.232629160402 6164.934867959115 6164.478254362786 3809.0371992454925 1.6898728348769692 3812.1347421929922 6166.836980991705 6166.380367395377 
2311.9521357919657 1.8544682736370333 2308.58827183016 3736.865486860215 3737.423826032089 2310.050022759376 0.04764475895256762 2310.4903848627505 3738.7675998928053 3739.325939064679 
1723.2159740928357 1064.6198751131158 0.9881023251486064 1066.581929523572 1725.1409826944384 1725.1180871254264 1066.5219881457062 0.9140107074417009 1064.6798164909815 1723.2388696618477 
1460.8545912007642 902.3762319294557 1.1424485628493355 904.5880237985473 1462.8749910233014 1462.7567042333546 904.2783449620462 0.7596644697409718 902.6859107659569 1460.9728779907111 
4418.44815476291 0.1609108212724143 4417.824524320931 7147.987876241375 7147.499539345786 4416.546041730322 1.7412022113165424 4419.726637353521 7149.889989273965 7149.401652378376 
4941.226119780261 0.08698700406867554 4940.722100587096 7993.980003457765 7993.445979130566 4939.324006747671 1.8151260285201216 4942.624213619687 7995.882116490355 7995.348092163156 
487.9961079280995 301.82259201083275 0.7263757820231211 300.28402004291195 486.23285522590663 486.09399489550924 299.92047897824256 1.1757372505671861 302.18613307550225 488.1349682584968 
4263.347012180959 0.22186756199391489 4262.624751660649 6896.930325771502 6896.479662213523 4261.44489914837 1.6802454705950893 4264.526864693239 6898.832438804092 6898.381775246113 
4604.073451956014 1.813165737841103 4600.776416900948 7445.662511658528 7446.195324459459 4602.1713389234255 0.08894729474779751 4602.678529933538 7447.564624691119 7448.09743749205 
5589.464614359701 1.7242804682923394 5586.311398691863 9040.202724028692 9040.680602711942 5587.562501327112 0.17783256429626002 5588.213511724455 9042.10483706128 9042.582715744531 
512.7460381974552 512.3568131713446 315.9014286173576 1.5808358378140346 318.8225459975772 514.6481512300453 514.2589262039348 317.8035416499479 0.3212771947763538 316.9204329649869 
265.345909907766 429.6268311522999 429.4416341115649 264.8610577605055 1.2507116228204804 267.2480229403562 431.52894418489024 431.34374714415515 266.76317079309587 0.6514014097698807 
2144.8058528880742 1.7154403727956826 2141.6669407952136 3466.642071897458 3467.1144871012275 2142.903739855484 0.1866726597939694 2143.5690538278045 3468.5441849300482 3469.016600133818 
4573.30202794505 0.5954080714469205 4571.975366184271 7397.843675020841 7397.623872193879 4571.399914912461 1.306704961141989 4573.877479216861 7399.745788053431 7399.525985226469 
4023.4250790505907 0.1931833196887104 4022.749230609272 6508.774895398978 6508.306504004313 4021.5229660180016 1.708929712900367 4024.6513436418622 6510.677008431568 6510.208617036903 
1114.4136418570918 0.47233767509131186 1115.541171533559 1804.874464980087 1805.170329495006 1116.3157548896822 1.4297753574993362 1113.6390585009688 1802.9723519474967 1803.2682164624157 
2270.449944671169 1.895612310029761 2267.019508260045 3669.6469585698533 3670.2307261546516 2268.547831638579 0.006500722559852616 2268.9216212926353 3671.5490716024437 3672.132839187242 
2023.1156805211324 1.8946632758015456 2019.6867796796462 3269.4532481622873 3270.0364292116765 2021.2135674885424 0.007449756788143814 2021.5888927122369 3271.355361194878 3271.938542244267 
3044.5631862536434 0.7273952264599355 3046.1034077173126 4928.334722971033 4928.47295325012 3046.4652992862343 1.1747178061313022 3044.2012946847226 4926.432609938443 4926.57084021753 
3973.75372967708 0.6056012149266738 3972.410575063698 6427.737657673504 6427.524154555664 3971.851616644491 1.2965118176624189 3974.312688096288 6429.639770706094 6429.426267588254 
5072.606011732924 1.888537204228241 5069.187023083462 8203.642164619165 8204.221559548105 5070.703898700335 0.013575828360516205 5071.089136116053 8205.544277651756 8206.123672580696 
2792.043772558683 0.9448393560478142 2790.1517191026874 4515.141883369142 4515.138040952796 2790.141659526094 0.9572736765416398 2792.053832135277 4517.043996401732 4517.0401539853865 
1544.6400779397406 0.49245524099706256 1543.4799973578663 2497.5322806576205 2497.2488494822023 1542.7379649071504 1.4096577915927724 1545.3821103904568 2499.4343936902105 2499.1509625147924 
4331.303537911454 0.18649050165719305 4330.638518677192 7006.943535446848 7006.471007663159 4329.401424878866 1.7156225309317903 4332.540631709782 7008.845648479439 7008.373120695749 
1620.4564224376875 0.25955990757574987 1621.2396704542648 2623.3246020611064 2623.7519704684 1622.3585354702784 1.6425531250150525 1619.3375574216743 2621.422489028516 2621.8498574358096 
4915.291940977455 0.059337009690783815 4914.832660414981 7952.062359315199 7951.511246351685 4913.389827944865 1.8427760228980212 4916.734773447572 7953.964472347789 7953.413359384276 
3386.47964575913 1.8488179530996762 3389.8343673102586 5483.381675851398 5482.826828769663 3388.3817587917206 0.05329507949166622 3387.9322542776686 5481.479562818808 5480.924715737073 
1873.0688594640844 1.4039889933088379 1875.7038326390918 3033.911836309189 3033.6319086437857 1874.9709724966756 0.49812403928204213 1873.8017196065011 3032.0097232765984 3031.7297956111956 
4304.595154184369 0.1239946954651957 4304.031255288679 6963.829583130421 6963.318430814351 4302.69304115178 1.778118337123796 4305.933368321269 6965.731696163012 6965.220543846942 
1494.8975213107883 1.024390841567999 1492.8767508473643 2416.1864434631093 2416.23176656867 1492.995408278198 0.8777221910218515 1494.7788638799548 2418.0885564957 2418.1338796012606 
4062.495104928249 0.08864972095598589 4061.988395402646 6572.160664126082 6571.627667414434 4060.59299189566 1.8134633116330796 4063.890508435236 6574.062777158672 6573.529780447025 
2120.696226809879 1.2869813704354178 2118.250575945624 3428.3251386754932 3428.532751653018 2118.794113777289 0.6151316621542415 2120.1526889782144 3430.2272517080837 3430.4348646856083 
5534.943271285085 1.7347213919285984 5531.77316184793 8951.96844405235 8952.452775581281 5533.041158252495 0.1673916406600174 5533.675274880521 8953.87055708494 8954.354888613872 
4818.885358906961 0.09326774446369546 4818.371177262362 7796.018331703808 7795.488189087648 4816.983245874371 1.8088452881251391 4820.273290294953 7797.920444736398 7797.390302120238 
5513.634449934107 1.0841505864362788 5511.516986172327 8918.542692521643 8918.624949180692 5511.732336901517 0.8179624461523436 5513.419099204918 8920.444805554234 8920.527062213281 
1473.2467493900551 0.7631128886650786 1474.8447632451712 2385.9491134358163 2386.0652689856606 1475.148862422646 1.139000143925679 1472.9426502125805 2384.0470004032263 2384.16315595307 
5767.562744723542 1.7389842784103329 5764.385737791169 9328.34776102566 9328.834727163327 5765.660631690952 0.16312875417821185 5766.28785082376 9330.24987405825 9330.736840195916 
277.9514036815795 0.3604283079477043 277.0049471648098 448.2005766084762 447.8355483010029 276.04929064898926 1.5416847246425178 278.9070601974001 450.1026896410665 449.7376613335932 
5188.255557051619 1.2610581697859178 5185.851850807112 8391.78234213324 8391.973933691666 5186.35344401903 0.6410548628028041 5187.753963839703 8393.68445516583 8393.876046724256 
2170.3183608539525 1.0405477036186386 2168.271448038579 3509.014176201989 3509.0694847974482 2168.4162478213625 0.8615653289710056 2170.1735610711694 3510.916289234579 3510.9715978300383 
3469.913518611931 0.14573442311598073 3469.314444097997 5613.251151370619 5612.753434945143 3468.011405579342 1.7563786094732659 3471.216557130587 5615.1532644032095 5614.6555479777335 
3355.5917204536986 1.895612310029761 3352.161284042576 5425.443234398405 5426.027001983204 3353.6896074211095 0.006500722559521005 3354.063397075166 5427.345347430995 5427.929115015794 
1524.359061276396 1.1826089540787343 1522.082288529294 2463.600214204698 2463.743321481426 1522.456948243806 0.7195040785111071 1523.9844015618844 2465.5023272372887 2465.6454345140164 
2097.1577651857015 0.6393034276634115 2095.760079246615 3391.2870726498572 3391.094398644985 2095.2556521531114 1.2628096049262547 2097.6621922792056 3393.1891856824477 3392.9965116775757 
2528.3665834385292 0.05871979627320545 2527.9083015483443 4089.9370008805104 4089.3855064581276 2526.46447040594 1.8433932363163288 2529.8104145809343 4091.8391139131004 4091.2876194907176 
1.412887524643072 2516.5222823848153 4072.8682026057327 4073.1536298659507 2517.2695406533817 0.48922550794616565 2518.4243954174044 4074.7703156383227 4075.055742898541 2519.171653685972 
5216.989014468674 1.895612310029761 5213.55857805755 8437.247322681716 8437.831090266514 5215.086901436084 0.006500722558952092 5215.460691090141 8439.149435714307 8439.733203299105 
2441.082812434092 1.0249322785609096 2439.061165907211 3947.1455280923724 3947.191185824397 2439.1806994015024 0.8771807540286517 2440.963278939801 3949.047641124963 3949.0932988569875 
5256.653892851037 1.8650051073945273 5253.272979934077 8501.475967558174 8502.040818851443 5254.751779818447 0.037107925194173746 5255.175092966668 8503.378080590765 8503.942931884034 
4840.490757070935 0.18718078551503625 4839.824620933928 7830.824645781184 7830.35254461638 4838.588644038345 1.7149322470737915 4841.726733966519 7832.726758813774 7832.25465764897 
149.1103159698507 241.47975207860648 241.9754017522354 150.40794366192387 1.753034534739478 147.20820293726035 239.5776390460162 240.07328871964506 148.50583062933362 0.149078497850802 
5021.421784480496 1.3032183882177428 5018.949861569593 8121.771410975396 8121.989058981788 5019.519671447906 0.5988946443710299 5020.851974602184 8123.673524007986 8123.891172014378 
1964.3566554584727 0.921361860413503 1962.502589388383 3175.9539832364935 3175.9356309298746 1962.4545424258827 0.9807511721762039 1964.4047024209735 3177.856096269084 3177.8377439624646 
2387.720491861037 0.12474085841851923 2387.1553856483265 3862.260020000772 3861.749328838768 2385.818378828447 1.777372174171058 2389.0574986809174 3864.1621330333624 3863.6514418713587 
5642.913394545574 1.2986027273208691 5640.448939930882 9127.3734280798 9127.588223450875 5641.011281512984 0.6035103052677138 5642.351052963473 9129.27554111239 9129.490336483466 
5661.171714704196 1.8881933154724828 5657.7532824784275 9155.962033062851 9156.541215456853 5659.269601671606 0.013919717116094684 5659.6553955110185 9157.864146095442 9158.443328489442 
244.48288338663414 395.6927860866664 396.1247648687364 245.61381852051204 1.6500128681031385 242.58077035404372 393.7906730540761 394.2226518361461 243.71170548792173 0.25210016448714156 
1843.587394409467 1.6910559975693977 1840.4879370645172 2979.2998227881335 2979.7571676192183 1841.685281376877 0.21105703502034617 1842.3900500971076 2981.2019358207235 2981.659280651809 
5785.438306750977 1.896490770139113 5782.006448961539 9357.016177096992 9357.600487599995 5783.536193718388 0.005622262449426586 5783.90856199413 9358.91829012958 9359.502600632586 
2903.6776828080365 0.44775757885112555 2902.589924562733 4696.573639660343 4696.262583810501 2901.7755697754474 1.4543554537382941 2904.492037595323 4698.475752692934 4698.164696843091 
3015.4572419274277 0.5256789384428817 3014.2434042738555 4877.3106861547285 4877.047788353563 3013.5551288948386 1.3764340941465039 3016.1455173064455 4879.2127991873185 4878.949901386153 
2734.689564772498 1.0523877633469025 2732.623494338057 4422.166808794826 4422.229434949626 2732.787451739909 0.849725269242569 2734.525607370647 4424.068921827416 4424.131547982216 
5375.630706810715 0.055758208375881524 5375.177216870407 8696.91191939476 8696.358594610394 5373.728593778126 1.8463548242127827 5377.079329902998 8698.81403242735 8698.260707642985 
4533.009510475323 1.110054147382787 4530.850133871501 7331.816297419481 7331.914563359624 4531.107397442734 0.792058885206135 4532.752246904091 7333.718410452072 7333.8166763922145 
1074.6963472366324 1.2276437738214594 1077.0459878527554 1741.832643282646 1741.6617029566396 1076.5984602692229 0.6744692587691766 1075.1438748201651 1739.9305302500557 1739.7595899240494 
2540.9845358744237 1.7044913627756682 2544.1057320969276 4115.108325407491 4114.642677064057 2542.886648907014 0.19762166981541598 2542.2036190643375 4113.2062123749 4112.740564031467 
230.93042331391018 142.72810292632812 0.3547728933206278 143.66540879001073 232.46401280056733 232.83253634650055 144.63021595891848 1.5473401392696795 141.76329575742042 230.561899767977 
1771.6002347788674 0.23586542346668493 1770.8553252429244 2865.176699561266 2864.7346871574464 1769.6981217462771 1.6662476091230807 1772.757438275515 2867.078812593856 2866.636800190037 
2643.39537086393 0.08014109259636859 2643.888313139649 4278.184283289985 4278.722538623157 2645.297483896521 1.8219719399947467 2641.986200107059 4276.282170257395 4276.820425590566 
5231.445498566075 0.04609213659581757 5231.007648658446 8463.63099181263 8463.071693067366 5229.543385533486 1.856020895992891 5232.909761691037 8465.533104845219 8464.973806099955 
5386.908219845117 1.748075656136534 5383.716502754579 8712.42109164276 8712.913676560865 5385.006106812527 0.15403737645212728 5385.61861578717 8714.323204675351 8714.815789593456 
4967.004421337987 0.2090476410924812 4966.302903885428 8035.492673291016 8035.034086586187 4965.102308305397 1.6930653914963079 4968.205016918019 8037.394786323606 8036.936199618777 
2076.3245915288044 1.703694238153386 2073.204685081032 3355.856069070783 3356.3212247641063 2074.4224784962144 0.19841879443628682 2075.1067981136225 3357.758182103373 3358.223337796697 
1818.1250404446794 1.1506660591721851 1815.899952387235 2938.9752379270317 2939.098603409009 1816.2229274120893 0.7514469734175665 1817.8020654198256 2940.877350959622 2941.0007164415993 
1133.4582521243237 1.2479188796975782 1135.8406985508798 1836.944208445052 1836.7607374144886 1135.3603651569142 0.6541941528930756 1133.9385855182895 1835.0420954124618 1834.8586243818984 
5158.104442279315 1.8664724322274568 5154.721155180902 8342.017232779048 8342.582990928935 5156.202329246725 0.035640600361274165 5156.623268213493 8343.919345811639 8344.485103961526 
2711.744010569847 0.921361860413503 2709.8899444997573 4385.2521265685855 4385.233774261966 2709.841897537258 0.9807511721759756 2711.7920575323474 4387.1542396011755 4387.135887294556 
2040.0806007311169 1.4829859445328486 2042.8433936582123 3304.270329951639 3303.9415794853717 2041.982713763708 0.41912708805808246 2040.9412806256219 3302.368216919049 3302.039466452781 
4512.733564383446 0.24104964663732464 4511.980266598209 7300.415206307348 7299.976397929653 4510.831451350857 1.6610633859516033 4513.882379630798 7302.317319339938 7301.878510962243 
2813.436897846253 0.09400829645679487 2812.9215179633593 4551.1333607831175 4550.60367585326 2811.534784813664 1.8081047361326525 2814.8236309959493 4553.0354738157075 4552.50578888585 
2299.155420903653 1.3392112420079665 2301.6855814753403 3723.229562264661 3722.9896694512768 2301.057533936244 0.5629017905830436 2299.78346844275 3721.327449232071 3721.0875564186867 
1992.3775818602055 1.2946971694308311 1989.919446570925 3220.688725331566 3220.90110693512 1990.4754688276155 0.6074158631588673 1991.8215596035154 3222.590838364156 3222.8032199677104 
4233.836639524026 0.07320670470833301 4233.3549173236015 6849.422078111795 6848.879537091217 4231.934526491438 1.82890632788068 4235.2570303561915 6851.324191144385 6850.781650123807 
2828.7960208038903 1.8064325064475413 2825.5098803460733 4573.21418319104 4573.742834626115 2826.893907771301 0.0956805261419018 2827.4119933786633 4575.11629622363 4575.644947658706 
1737.4783369349716 0.31115383102796734 1738.3450656733073 2812.753517868054 2813.148999477042 1739.3804499675625 1.5909592015628709 1736.4429526407168 2810.8514048354637 2811.246886444452 
2671.99062291048 1.394237666962792 2669.3714277129366 4320.164665040324 4320.43856605461 2670.088509877891 0.5078753656266987 2671.273540745526 4322.0667780729145 4322.340679087201 
3375.276084998187 1.8416086715509266 3371.9330283096383 5457.380585000905 5457.930976501607 3373.373971965598 0.06050436103834941 3373.8351413422283 5459.282698033495 5459.833089534198 
5559.322276816135 0.21597409463421668 5558.609552126324 8993.871888360854 8993.417582439737 5557.420163783546 1.6861389379543914 5560.511665158915 8995.774001393445 8995.319695472328 
2631.9347216382753 0.9835187644367022 2629.9800835848414 4256.017412475997 4256.037475248699 2630.0326086056857 0.9185942681528008 2631.8821966174314 4257.919525508587 4257.93958828129 
2059.8530342983468 1.4214174915578854 2057.1898612207992 3329.6612629944884 3329.951962064182 2057.9509212657567 0.4806955410317925 2059.0919742533897 3331.5633760270784 3331.8540750967727 
1744.6572677829233 0.5722877371977838 1743.3680155087898 2821.0377204658707 2820.8036284865116 1742.755154750333 1.3298252953919902 1745.2701285413802 2822.939833498461 2822.7057415191016 
755.6592586096846 1.7065772017782086 752.5346874287791 1218.9700079108184 1219.4369453736506 753.7571455770945 0.19553583081186784 754.4368004613693 1220.8721209434086 1221.3390584062408 
2694.7692123790926 1.719880321238331 2697.915308459441 4363.9620587987965 4363.486899555982 2696.671325411683 0.1822327113528001 2696.013195426851 4362.0599457662065 4361.584786523392 
4493.479203999961 1.7105968273089378 4496.610279071597 7274.320940136688 7273.851518408656 4495.381317032552 0.19151620528274302 4494.708166039007 7272.4188271040975 7271.949405376065 
986.6782025685949 1.2571100797336574 984.2808844679831 1593.4937643617363 1593.6829158663193 984.7760895360049 0.6450029528563485 986.1829975005734 1595.3958773943266 1595.5850288989095 
2752.1651435607355 0.24104964663732464 2751.411845775498 4451.7556618964745 4451.31685351878 2750.263030528146 1.6610633859521415 2753.313958808088 4453.6577749290645 4453.21896655137 
2451.9125074888343 0.27388518128799844 2452.7189342851757 3968.671986606549 3969.0905015077906 2453.814620521425 1.628227851303058 2450.8168212525857 3966.769873573959 3967.1883884752 
3588.6717133447323 0.08575107923649727 3588.169693919953 5805.503001980024 5804.968213809273 3586.769600312143 1.8163619533527129 3590.071806952543 5807.405115012615 5806.870326841863 
2200.328784808375 0.8910868566329762 2198.523704723412 3557.813894907449 3557.776831619484 2198.426671775785 1.0110261759566586 2200.4258177560023 3559.7160079400396 3559.6789446520743 
5170.607544728027 0.9199003000363019 5168.755843512305 8363.779263388577 8363.760007787967 5168.705431695438 0.9822127325524251 5170.657956544896 8365.681376421167 8365.662120820558 
3024.808033206495 0.12992181320392127 3025.3815223801416 4895.403481597769 4895.910970753622 3026.710146239086 1.7721912193873104 3023.4794093475516 4893.501368565178 4894.008857721032 
1860.3846832339443 1.9006733994888507 1863.823308659833 3014.1920603004096 3013.6051647903055 1862.2867962665352 0.0014396331020253563 1861.9211956272422 3012.2899472678196 3011.703051757715 
2189.5796247457406 0.9225620365554659 2187.723616749861 3540.3704606646766 3540.3528501077058 2187.6775117131506 0.9795509960341722 2189.6257297824513 3542.272573697267 3542.2549631402962 
1938.341656306214 1.3838389311936554 1935.7392866165844 3133.1125267712996 3133.3800010134396 1936.439543273624 0.5182741013960597 1937.641399649175 3135.0146398038896 3135.28211404603 
725.8136024852607 1.7142789029840224 722.676569690033 1170.666260270637 1171.1379576465856 723.9114894526706 0.18783412960606316 724.5786827226233 1172.5683733032272 1173.0400706791759 
3940.6483712533727 0.05871979627320545 3940.190089363188 6375.056935257394 6374.5054408350115 3938.7462582207836 1.8433932363158974 3942.092202395778 6376.959048289984 6376.407553867602 
5568.086774129888 1.355715120255644 5565.52990972225 9006.209003190987 9006.459095962076 5566.184661097299 0.5463979123329619 5567.432022754841 9008.111116223577 9008.361208994666 
2365.164289833889 0.1905716139232808 2364.4926672212678 3825.6568020638265 3825.1867965462293 2363.262176801299 1.7115414186663036 2366.3947802538582 3827.558915096417 3827.0889095788198 
469.19167042325165 0.5849448134527163 470.5014022769638 761.0655870891646 761.2918565652004 471.093783455842 1.3171682191377343 468.59928924437355 759.1634740565743 759.38974353261 
1.1834860331849912 29.156776836190048 46.35644115416881 46.21279181274218 28.780697977873576 0.718626999405324 27.254663803599733 44.454328121578506 44.31067878015188 26.878584945283276 
1027.9849598924714 0.7803637182367407 1026.3590336087746 1661.100893493727 1660.995399542892 1026.0828468598816 1.1217493143532524 1028.2611466413648 1663.0030065263174 1662.8975125754826 
4228.216426254322 0.055677153274592994 4227.763067463925 6840.356745427417 6839.803370548246 4226.314313221734 1.8464358793144218 4229.665180496515 6842.258858460007 6841.705483580836 
684.1222381943473 0.5130425858512662 685.3156297999335 1108.7142107159843 1108.9849182125445 686.0243512269378 1.3890704467392503 683.4135167673433 1106.812097683394 1107.082805179954 
100.23015192650278 1.8660709268000035 103.61278937548587 166.14621521592284 165.5807052100349 102.1322649590931 0.03604210579033473 101.71067634289558 164.24410218333253 163.67859217744459 
1363.7624669254592 1.748075656136534 1360.570749834921 2202.8345217239666 2203.3271066420734 1361.8603538928692 0.15403737645335683 1362.4728628675116 2204.736634756557 2205.2292196746635 
1211.2366841438786 0.2739232306944316 1212.0431725054536 1961.216396979384 1961.6348883647993 1213.1387971764696 1.6281898018962457 1210.141059472863 1959.3142839467935 1959.732775332209 
4966.599976257396 0.8301408659332044 4964.893508856862 8033.833317456061 8033.758587474366 4964.6978632248065 1.071972166655585 4966.795621889453 8035.735430488652 8035.660700506957 
2677.5913880657295 0.3093310265773359 2678.4551674445092 4333.885438505432 4334.282046669526 2679.49350109832 1.5927820060137896 2676.553054411919 4331.983325472842 4332.379933636935 
3992.813489609174 0.8980113839725187 3990.99720540362 6458.1038674688725 6458.07108377416 3990.9113765765856 1.0041016486165684 3992.89931843621 6460.005980501463 6459.973196806751 
117.15458646925147 71.73403995362091 1.4497429379525621 74.44304456618099 119.36490466015411 119.05669950184176 73.63615298621124 0.4523700946377449 72.54093153359067 117.46279162756379 
1006.899424595142 1.0356295229720165 1004.8604695632177 1626.570751963435 1626.6230209560922 1004.9973115625521 0.866483509617983 1006.762582595808 1628.4728649960255 1628.5251339886825 
1.4141903783131597 1.4183564086786955 1.2440297630928865 0.9577972950247549 0.6689900785925577 0.48792265427714737 0.4837566239116115 0.6580832694974207 0.9443157375655523 1.2331229539977493 
1.0097252923628113 0.9809084707293754 0.9406892171326801 0.9044299194445111 0.8859803969735489 0.8923877402274959 0.9212045618609317 0.9614238154576271 0.997683113145796 1.0161326356167582 
1.4119394867733772 1.222164635410754 0.9288356971720267 0.64399435658047 0.4764403243409738 0.4901735458169298 0.6799483971795528 0.9732773354182805 1.2581186760098373 1.4256727082493332 
1.2389592231708477 1.4132581090727339 1.4110116961879227 1.2330780378856456 0.9474217438947629 0.6631538094194595 0.48885492351757315 0.49110133640238457 0.6690349947046617 0.9546912886955441 
1.0460799624684782 1.1019206161240764 1.1001363113271836 1.0414085918639224 0.9481694504874909 0.8560330701218287 0.8001924164662304 0.8019767212631237 0.8607044407263845 0.9539435821028162 
0.9786792065477122 1.2557302460585922 1.4164062762790393 1.3993345148422474 1.211035794369242 0.9234338260425949 0.6463827865317149 0.485706756311268 0.5027785177480596 0.691077238221065 
0.4675231899995068 0.6594603489431312 0.9627773328260258 1.2616173631700287 1.441833705582781 1.4345898425908001 1.2426526836471758 0.9393356997642813 0.6404956694202785 0.46027932700752616 
0.48138292805711713 0.4840441510099664 0.6650882243352757 0.955362465484505 1.2439919803972321 1.4207301045331897 1.4180688815803406 1.2370248082550315 0.9467505671058022 0.658121052193075 
0.6757319991461574 0.49134320230897577 0.4825492663336615 0.6527091758678942 0.9368276289922045 1.2263810334441494 1.4107698302813314 1.4195637662566458 1.249403856722413 0.9652854035981027 
0.9581324791451277 0.6743014734312309 0.4961814875334186 0.49180830198900294 0.6628523250368412 0.9439805534451793 1.2278115591590761 1.4059315450568886 1.4103047306013043 1.239260707553466 
1.2602007293911868 0.9661257237881469 0.6662947931063081 0.47523316198761906 0.4659198795734245 0.6419123031991201 0.9359873088021601 1.235818239483999 1.426879870602688 1.4361931530168826 
0.9287897758172146 0.9317899902788442 0.9421493628335699 0.9559109652676092 0.9678183331908224 0.9733232567730925 0.9703230423114629 0.9599636697567373 0.946202067322698 0.9342946993994846 
0.9929312219516305 0.9922019130821866 0.975756461120697 0.9498764697560967 0.9244472160611096 0.9091818106386765 0.9099111195081204 0.9263565714696103 0.9522365628342107 0.9776658165291977 
0.947642228878656 0.9661257237881469 0.978853293618839 0.9809634392895954 0.971650156875401 0.954470803711651 0.9359873088021601 0.9232597389714682 0.9211495933007118 0.9304628757149062 
1.0929154017697633 1.0509534013141582 0.9708341861515334 0.8831605733220457 0.8214209030100607 0.8091976308205437 0.8511596312761489 0.9312788464387738 1.0189524592682615 1.0806921295802465 
1.1024866765468853 1.0531430564656818 0.9648058478332181 0.8712168618758045 0.8081239102565365 0.7996263560434217 0.8489699761246252 0.9373071847570891 1.0308961707145028 1.0939891223337708 
0.9585670589683197 0.8795020429680831 0.8277684037316898 0.8231266330857165 0.8673497296489439 0.9435459736219873 1.022610989622224 1.0743446288586174 1.0789863995045907 1.0347633029413632 
1.4659189209908237 1.2687281898162324 0.9501976766196492 0.6319952109882214 0.4356633194891346 0.43619411159948324 0.6333848427740745 0.951915355970658 1.2701178216020859 1.4664497131011727 
1.3637791726567035 0.9258426403937701 0.4975369517370435 0.2424603221784626 0.25804335447363946 0.5383338599336036 0.9762703921965368 1.4045760808532635 1.6596527104118446 1.6440696781166677 
0.39411026890081774 0.6071009117374608 0.9514709048941243 1.2956826156905314 1.5082588699282038 1.5080027636894893 1.2950121208528462 0.9506421276961828 0.6064304168997758 0.3938541626621034 
1.2329738453141066 0.6599389512887339 0.19810107237370664 0.02386658102240639 0.2037871309184807 0.6691391872762001 1.242174081301573 1.7040119602166004 1.878246451567901 1.6983259016718264 
0.2173823268663862 0.011977851738454004 0.16526950836131982 0.6187050940968267 1.1990876269027282 1.6847307057239207 1.890135180851853 1.7368435242289875 1.2834079384934807 0.703025405687579 
0.05608285699521211 0.04049512867105565 0.37271090157603676 0.9258350420592689 1.4885929284542292 1.8460301755950947 1.8616179039192515 1.5294021310142707 0.9762779905310384 0.41352010413607787 
1.3014292480434524 1.7286088472334713 1.8587898840367592 1.642247627085161 1.161693858533574 0.6006837845468546 0.1735041853568358 0.04332314855354797 0.25986540550514603 0.7404191740567327 
0.9210681151013645 0.921361860413503 0.9329979549882 0.9515318061942295 0.9698841128133215 0.9810449174889425 0.9807511721768041 0.9691150776021071 0.9505812263960777 0.9322289197769855 
0.9970873753403897 0.9303763175616212 0.8715643928049597 0.8431157573836481 0.8558968230950736 0.9050256572499173 0.9717367150286859 1.0305486397853476 1.0589972752066592 1.0462162094952336 
1.4388401775900368 1.2512500908519582 0.9489962618375057 0.6475293800004012 0.46199954771997026 0.46327285500027016 0.6508629417383489 0.9531167707528015 1.2545836525899061 1.4401134848703367 
1.3582646211157594 0.919026279823737 0.4920224001960995 0.24035395092253506 0.260149725729567 0.5438484114745477 0.9830867527665698 1.4100906323942075 1.661759081667772 1.6419633068607402 
0.5248643361592183 0.8069249715696343 1.144038958214173 1.4074402112775988 1.4965184047689952 1.3772486964310886 1.0951880610206728 0.7580740743761342 0.4946728213127085 0.40559462782131184 
0.05722662342945297 0.011977851738454004 0.325425211798253 0.8778424657499332 1.4582249985558349 1.8448864091608541 1.890135180851853 1.5766878207920543 1.024270566840374 0.4438880340344725 
1.306365797461035 1.7347213919285984 1.8637436396936458 1.644150427414838 1.1598188984839097 0.5957472351292723 0.1673916406617086 0.0383693928966616 0.2579626051754691 0.7422941341063972 
0.9223666353639717 0.921361860413503 0.9316994347255929 0.9494307562742509 0.9677830628933428 0.9797463972263355 0.9807511721768041 0.9704135978647143 0.9526822763160564 0.9343299696969642 
0.9143943833846117 0.921361860413503 0.9396716867049529 0.9623301309437339 0.980682437562826 0.9877186492056955 0.9807511721768041 0.9624413458853542 0.9397829016465733 0.921430595027481 
1.0228425148429334 1.0189509534946446 0.9891260247831953 0.9447598377643168 0.9027987679279861 0.8792705177473736 0.8831620790956626 0.9129870078071118 0.9573531948259904 0.9993142646623209 
0.9983156509368734 0.9312786872915962 0.8717961821019946 0.8425884306145041 0.854811801162386 0.9037973816534336 0.9708343452987107 1.0303168504883127 1.0595246019758031 1.0473012314279213 
1.1566420278818779 1.0797679563251004 0.953730489417827 0.8266716556626958 0.7471236109832451 0.7454710047084292 0.8223450762652067 0.9483825431724802 1.075441376927611 1.154989421607062 
0.5771396369953704 0.7195954791274066 0.9504615703862197 1.1815549107607777 1.3246056988017478 1.3249733955949365 1.1825175534629004 0.9516514622040875 0.7205581218295296 0.5775073337885593 
1.4008466443742582 0.986396711505331 0.5584480252351726 0.2804624382781173 0.25862099646917136 0.5012663882160489 0.9157163210849759 1.3436650073551346 1.62165059431219 1.6434920361211356 
0.44377865195606264 0.8284899394495094 1.2600174934132666 1.5735324553152827 1.6492827656906168 1.4583343806342444 1.0736230931407977 0.6420955391770408 0.3285805772750244 0.25283026689969035 
1.2546143188764538 1.6461754094981549 1.7722247091385182 1.584615669593044 1.1550085673713808 0.6474987137138535 0.25593762309215207 0.129888323451789 0.3174973629972631 0.747104465218926 
1.03827221874548 1.0356687308621362 1.000746252877604 0.9468439844106047 0.8945507599448105 0.863840813844827 0.8664443017281709 0.9013667797127032 0.9552690481797025 1.0075622726454967 
1.1566208380327287 1.0797679563251004 0.9537516792669761 0.8267059415588358 0.7471578968793849 0.7454921945575784 0.8223450762652067 0.9483613533233309 1.0754070910314715 1.154955135710922 
0.5984722520427449 0.7327687986151001 0.9504438340145948 1.1683528932209577 1.303262122073872 1.303640780547562 1.169344233975207 0.9516691985757126 0.7337601393693495 0.5988509105164351 
0.2251727036225981 0.589987418481159 1.0927182564174056 1.5413391245324066 1.7644920992687154 1.6769403289677092 1.3121256141091482 0.8093947761729017 0.3607739080579007 0.13762093332159162 
1.256531270458511 1.6462333036050731 1.7704014321892032 1.5816076514112296 1.1519647686637424 0.6455817621317962 0.25587972898523387 0.13171160040110416 0.3205053811790775 0.7501482639265645 
1.0527435927518742 0.9955754846213734 0.9214026437343366 0.8585565742674739 0.83104233869779 0.8493694398384328 0.9065375479689336 0.9807103888559706 1.0435564583228332 1.071070693892517 
0.9127977064332372 0.8820727417176881 0.87769723421847 0.901342479082254 0.9439767964433885 0.9893153261570699 1.020040290872619 1.0244157983718372 1.000770553508053 0.9581362361469187 
1.1950953341755841 1.1932367466943739 1.098873542603942 0.94804925857949 0.7983736447894914 0.7070176984147228 0.7088762858959332 0.8032394899863653 0.9540637740108171 1.1037393878008157 
1.281483869160346 0.7253231396134356 0.25538488756365857 0.05116955268031442 0.19068045186489904 0.6206291634299608 1.1767898929768712 1.6467281450266487 1.8509434799099929 1.711432580725408 
0.21424213542497428 0.011977851738454004 0.16840969980273174 0.6237860305802128 1.2041685633861143 1.6878708971653327 1.890135180851853 1.7337033327875755 1.2783270020100945 0.697944469204193 
1.3284428257073055 1.762438877896138 1.8865144458255523 1.653276879719958 1.1518150023783922 0.5736702068830019 0.13967415469416905 0.015598586764755019 0.24883615287034905 0.7502980302119149 
0.8915817579634476 0.9908422374011914 1.074905923643353 1.1116633457650333 1.0870744178545777 1.0105312746268595 0.9112707951891157 0.8272071089469543 0.7904496868252741 0.8150386147357294 
0.5788543362859585 0.8697950573364847 1.191774893733818 1.4218084916663072 1.472030835278169 1.3232586963043487 1.0323179752538225 0.7103381388564893 0.4803045409240001 0.4300821973121381 
0.2479863987913514 0.04980656502600389 0.19587358028628502 0.6303948093780172 1.1873979116215378 1.6541266337989555 1.8523064675643033 1.7062394523040223 1.2717182232122903 0.7147151209687692 
0.061223125454722506 0.06288925850215243 0.4038050963317187 0.9537523761956744 1.502669929206539 1.8408899071355842 1.8392237740881543 1.4983079362585885 0.948360656394633 0.3994431033837682 
1.2224128232457512 1.6950528465239287 1.8835115591599054 1.7158041384027867 1.2559891188162127 0.6797002093445561 0.20706018606637833 0.018601473430401933 0.18630889418752047 0.6461239137740944 
1.0306013105793375 1.029936646220176 0.9991424532666638 0.9499810667709198 0.9012304654402481 0.8715117220109696 0.8721763863701308 0.9029705793236433 0.9521319658193874 1.000882567150059 
0.889855921706317 0.9312786872915962 0.9802559113325512 1.0180799589201548 1.0303033294680368 1.0122571108839902 0.9708343452987107 0.921857121257756 0.8840330736701522 0.8718097031222702 
1.1496668399400911 1.070701415818153 0.9460357066589952 0.8232877761298067 0.749343161644027 0.7524461926502158 0.831411616772154 0.956077325931312 1.0788252564605005 1.1527698709462801 
0.8991709033594852 0.7498249588886103 0.6773426297379594 0.7094097020593236 0.8337776441456429 1.0029421292308218 1.1522880737016967 1.2247704028523478 1.1927033305309835 1.0683353884446642 
1.8961208276571158 1.7420705302882742 1.2858797651515455 0.7017978991753391 0.21292435295010567 0.0059922049331912145 0.16004250230203287 0.6162332674387618 1.200315133414968 1.6891886796402016 
0.4335466026891573 0.8710912221841278 1.3391798661091285 1.6590185822326557 1.7084398519136517 1.4685664299011498 1.0310218104061795 0.5629331664811786 0.24309445035765137 0.19367318067665554 
0.060492694885727505 0.06437144337097311 0.40693375239607643 0.9573324631780931 1.5053339755624155 1.8416203377045794 1.837741589219334 1.4951792801942307 0.9447805694122143 0.39677905702789157 
0.2437808577849866 0.005179998037234901 0.1278718191035976 0.5649922154783446 1.1495760529221486 1.6583321748053204 1.8969330345530724 1.7742412134867096 1.3371208171119628 0.7525369796681586 
1.326135993942984 1.742219209487978 1.8561051668642183 1.6242933011953025 1.1353278661712318 0.5759770386473232 0.15989382310232922 0.04600786572608899 0.2778197313950046 0.766785166419075 
1.2066746858075406 1.1971988682034636 1.09370503824125 0.9357243213405626 0.7835999817903895 0.6954383467827665 0.7049141643868434 0.8084079943490571 0.9663887112497445 1.1185130507999175 
0.9794665982664089 0.8368848870657813 0.7379128576798231 0.7203544613984165 0.7909164088131195 0.922646434323898 1.0652281455245256 1.1642001749104842 1.1817585711918908 1.1111966237771878 
1.4610311475729185 1.2626865696130851 0.9453099032017439 0.6301282476718898 0.43753028280546624 0.4410818850173886 0.6394264629772218 0.9568031293885634 1.2719847849184174 1.4645827497848407 
0.3953914686176339 0.6071009117374608 0.9501897051773082 1.2936095910023462 1.5061858452400183 1.5067215639726732 1.2950121208528462 0.951923327412999 0.6085034415879611 0.3959271873502887 
0.587669182093827 0.8806908059661892 1.2005897395416862 1.4251754631593232 1.4686638637851528 1.31444385049648 1.021422226624118 0.7015232930486208 0.476937569430984 0.4334491688051544 
1.895129503522735 1.7417944033131958 1.286424306455039 0.7029551124877482 0.21425222211832376 0.0069835290675721255 0.16031862927711102 0.6156887261352681 1.1991579201025588 1.6878608104719832 
0.25295930348286755 0.06401799163576682 0.21389524687799016 0.6453430518475514 1.193563009417614 1.6491537291074396 1.8380950409545402 1.6882177857123173 1.2567699807427561 0.7085500231726931 
1.0237723117273605 1.026148939765754 0.9998428143359783 0.9549019812398899 0.9084923112374587 0.8783407208629465 0.8759640928245531 0.9022702182543288 0.9472110513504172 0.9936207213528485 
0.4491829548039762 0.6975894635841348 1.0428117714716414 1.3529866905281493 1.5096379441318202 1.4529300777863308 1.2045235690061724 0.8593012611186658 0.5491263420621579 0.392475088458487 
1.8141600182934945 1.63293027086982 1.191247925235127 0.6578206251910892 0.23639946882744134 0.08795301429681256 0.26918276172048716 0.7108651073551804 1.244292407399218 1.6657135637628657 
1.226307191425076 0.6624127459187514 0.2087704100552924 0.03865613739864467 0.21704779813218122 0.6758058411652307 1.2397002866715554 1.6933426225350148 1.8634568951916624 1.6850652344581258 
0.2779232443276609 0.04503626568167385 0.15821822827433832 0.5742374693086757 1.1341887786835039 1.6241897882626462 1.8570767669086332 1.743894804315969 1.3278755632816317 0.7679242539068034 
0.049951734747735406 0.06288925850215243 0.4150764870387059 0.9719898694600595 1.520907422470924 1.8521612978425717 1.8392237740881543 1.4870365455516013 0.930123163130248 0.38120561011938314 
0.6717773455490934 0.22114247592805292 0.04930996086148203 0.22191398073243238 0.6730256665450634 1.2303356870412134 1.680970556662254 1.852803071728825 1.6801990518578749 1.229087366045244 
1.1095608082124762 1.024390841567999 0.9112096552113356 0.8132486154436948 0.7679255098830359 0.7925522243778308 0.8777221910223079 0.9909033773789716 1.0888644171466124 1.134187522707271 
0.8832438948527819 1.008493365222406 1.1118039115085128 1.1537144164261286 1.1182164915823936 1.0188691377375252 0.8936196673679011 0.7903091210817943 0.7483986161641787 0.7838965410079136 
0.8944026457274568 0.7430892881525422 0.6712123431820015 0.7062263607870751 0.8347571763253128 1.00771038686285 1.159023744437765 1.2309006894083059 1.195886671803232 1.0673558562649943 
0.29686777832235 0.5943138572480406 1.0280235066927135 1.4323343818173049 1.652813470345436 1.605245254267957 1.3077991753422664 0.8740895258975937 0.4697786507730023 0.24929956224487126 
1.2075901040553862 1.5363986587860459 1.641626410132869 1.4830799336410914 1.1213185945340358 0.6945229285349209 0.36571437380426114 0.2604866224574381 0.4190330989492158 0.7807944380562712 
1.2153521941845842 0.6624127459187514 0.21972540729578424 0.05638169528042188 0.23477335601395843 0.6867608384057227 1.2397002866715554 1.682387625294523 1.8457313373098854 1.6673396765763489 
0.6678291538496124 0.218012917358271 0.0481944204252725 0.22323855696060235 0.676284416339142 1.2342838787406945 1.684100115232036 1.8539186121650346 1.678874475629705 1.2258286162511651 
1.1137003897428448 1.0261708477120994 0.9099501841223049 0.809430742269695 0.7630075324117984 0.7884126428474622 0.8759421848782074 0.9921628484680023 1.0926822903206121 1.1391055001785089 
1.0236006701591585 1.026148939765754 1.0000144559041806 0.9551797031311234 0.9087700331286921 0.8785123624311486 0.8759640928245531 0.9020985766861266 0.9469333294591837 0.993342999461615 
0.9779132344975547 1.0107642443533722 1.0208089314819861 1.0042105668066243 0.9673091614756093 0.9241997980927524 0.8913487882369348 0.881304101108321 0.897902465783683 0.9348038711146979 
1.1510862893225038 1.0797679563251004 0.959286227977201 0.8356610294843715 0.7561129848049206 0.7510267432678033 0.8223450762652067 0.9428268046131063 1.0664520031059357 1.1460000477853867 
0.7922687834920362 0.8981580621109606 1.0242527522759177 1.122388968144781 1.1550820107829411 1.1098442490982707 1.0039549704793465 0.8778602803143895 0.7797240644455262 0.7470310218073659 
1.4611809106730278 1.2626865696130851 0.9451601401016346 0.6298859258856524 0.43728796101922884 0.44093212191727926 0.6394264629772218 0.9569528924886727 1.2722271067046549 1.4648250715710782 
1.8909418265095586 1.7424552165907714 1.29168120181155 0.710800134572309 0.22168883913712564 0.011171206080748626 0.1596578159995355 0.6104318307787572 1.1913128980179983 1.6804241934531814 
0.12375289465320553 0.11078341355401988 0.4187696978696149 0.9300714550602218 1.4493887923865747 1.7783601379371015 1.791329619036287 1.4833433347206924 0.9720415775300856 0.4527242402037323 
1.3411704119476056 1.7474612374908678 1.8495525283382512 1.6084488813414057 1.1162436948415706 0.5609426206427016 0.15465179509943947 0.05256050425205622 0.29366415124890133 0.7858693377487364 
0.6119471038165702 0.16505995992493727 0.018396785526354244 0.2279779283431262 0.7137505152202926 1.2901659287737366 1.7370530726653697 1.883716247063953 1.674135104247181 1.1883625173700145 
0.9688511777234011 1.0127670246694742 1.0331115548795922 1.0221138492986384 0.983974657660273 0.933261854866906 0.8893460079208327 0.869001477710715 0.8799991832916689 0.918138374930034 
1.4612295303894751 1.2626865696130851 0.9451115203851873 0.6298072575319172 0.4372092926654935 0.44088350220083183 0.6394264629772218 0.95700151220512 1.27230577505839 1.4649037399248135 
0.27429201836992645 0.5288740400161859 0.9447154181464148 1.3629788802434628 1.6239020000384612 1.6278210142203806 1.3732389925741213 0.9573976144438925 0.5391341523468445 0.2782110325518461 
1.8959723956816208 1.7533915511247238 1.3043459936277622 0.7203558636574291 0.22448554176792399 0.006140636908686299 0.14872148146558303 0.5977670389625451 1.181757168932878 1.6776274908223832 
0.48233339461596575 0.9286300676313144 1.3834928817892953 1.673179702299986 1.6870400098211928 1.4197796379743415 0.9734829649589928 0.5186201508010121 0.22893333029032137 0.21507302276911408 
1.1803877594658168 0.6287217852952112 0.20017672261202937 0.05844221965029234 0.25765603916281105 0.7217252731244903 1.273391247295096 1.7019363099782778 1.843670812940015 1.6444569934274962 
0.25997084581726215 0.011736217564161322 0.12229001710359488 0.5494044505969414 1.1299363215353995 1.6421421867730448 1.8903768150261457 1.7798230154867123 1.3527085819933657 0.7721767110549078 
1.3532875775711064 1.762438877896138 1.8616696939617514 1.613077226762271 1.1116153494207053 0.5488254550192011 0.13967415469416905 0.040443338628555696 0.28903580582803595 0.7904976831696019 
0.5887751224018574 0.14382746235653332 0.0072138642093398635 0.23111607912708546 0.7300110711675748 1.3133379101884495 1.7582855702337736 1.8948991683809673 1.6709969534632219 1.1721019614227324 
1.141618603332146 1.0617676779972218 0.9396288518260932 0.821855005070116 0.7534317442042521 0.760494429258161 0.8403453545930851 0.9624841807642139 1.0802580275201914 1.1486812883860549 
0.9689017647674495 1.012829553694699 1.0331621419236405 1.0221331718300743 0.9839553351288369 0.9332112678228576 0.8892834788956082 0.8689508906666668 0.8799798607602327 0.91815769746147 
0.28280690922899054 0.5340905490282283 0.9446410161714552 1.3576419863071059 1.6153411262300417 1.6193061233613164 1.368022483562079 0.9574720164188518 0.5444710462832013 0.28677190636026534 
1.1953594321332595 1.4998283353983992 1.594685055834208 1.4436975502955536 1.104537914021639 0.7067536004570477 0.40228469719190796 0.3074279767560991 0.4584154822947536 0.7975751185686681 
0.2829129066725443 0.10104268134926186 0.24384885006766693 0.6567843101804808 1.1821217510846849 1.6192001259177626 1.801070351241045 1.6582641825226403 1.2453287224098266 0.7199912815056224 
0.030443112637713262 0.06890796668800048 0.44432358356179746 1.0132939575208222 1.5584917443044657 1.8716699199525937 1.8332050659023067 1.4577894490285095 0.888819075069485 0.34362128828584165 
0.680009204343819 0.23538205004601898 0.06411821697494888 0.23163466832016905 0.6739458133425736 1.222103828246488 1.666730982544288 1.8379948156153583 1.6704783642701382 1.2281672192477335 
1.1118936309750502 1.024390841567999 0.9088768324487615 0.8094740289241205 0.7641509233634616 0.7902194016152567 0.8777221910223079 0.9932362001415458 1.0926390036661866 1.1379621092268457 
0.9399769314764262 1.0130465563100366 1.0624380928219275 1.0692856528211383 1.0309737011279747 0.9621361011138808 0.8890664762802706 0.8396749397683796 0.8328273797691689 0.8711393314623326 
1.5041769909476197 1.2982000508211091 0.9596260794804565 0.6177788262717577 0.40323232295994454 0.3979360416426875 0.6039129817691977 0.9424869531098508 1.2843342063185494 1.4988807096303625 
0.5864102670229661 0.7213827006461264 0.9440827255213378 1.1694465014417161 1.3113927258386924 1.315702765567341 1.1807303319441806 0.9580303070689695 0.7326665311485911 0.5907203067516147 
0.9252094804354295 0.7353404393441376 0.6278676077283462 0.6438419543980929 0.7771618218736085 0.9769035521548776 1.1667725932461694 1.2742454248619608 1.2582710781922144 1.1249512107166986 
1.7081959449756623 1.5681990608478396 1.1924747006044873 0.7245367994572562 0.3431217310200999 0.19391708761464482 0.33391397174246723 0.7096383319858196 1.1775762331330508 1.5589913015702073 
1.1801928852196562 1.4998283353983992 1.6098516027478114 1.4682375386937336 1.129077902419819 0.7219201473706511 0.40228469719190796 0.29226142984249587 0.4338754938965735 0.773035130170488 
0.03464553274419494 0.0741024436096237 0.44852600366827916 1.0148991391664923 1.5568865626587955 1.867467499846112 1.8280105889806832 1.4535870289220278 0.8872138934238151 0.34522646993151174 
0.705481458831011 0.2521040811400381 0.0657027771588123 0.21747650946086083 0.649452870906229 1.1966315737592959 1.6500089514502687 1.836410255431495 1.6846365231294465 1.252660161684078 
1.1122603345221758 1.024390841567999 0.9085101289016358 0.8088806901210762 0.7635575845604172 0.7898526980681312 0.8777221910223079 0.9936029036886713 1.093232342469231 1.1385554480298898 
1.4779366895455914 1.2712090009384025 0.9421939447802213 0.6165640897130175 0.4186989726207609 0.4241763430447156 0.6309040316519045 0.9599190878100857 1.2855489428772897 1.4834140599695462 
0.8828895172709776 0.6983618037797019 0.6103548816919453 0.6524844039999668 0.8086583251118994 1.0192235153193292 1.2037512288106051 1.291758150898362 1.2496286285903404 1.0934547074784078 
0.3878133224960778 0.5977338079877911 0.942611559055752 1.2907149967556248 1.5090804394867394 1.5142997100942295 1.304379224602516 0.9595014735345552 0.6113980358346824 0.3930325931035675 
1.7175953590765898 1.579817375625256 1.2018741147054148 0.7281270561694754 0.33953147430788067 0.18451767351371748 0.32229565696505086 0.7002389178848921 1.1739859764208316 1.5625815582824265 
0.558839490582084 0.15793313050540247 0.059972946528010496 0.30237639938507876 0.7925536090755403 1.3432735420082227 1.7441799020849045 1.8421400860622965 1.5997366332052285 1.1095594235147668 
0.9625136449908893 1.017086406593209 1.0464379943750988 1.0393570994276522 0.998548382950027 0.9395993875994177 0.8850266259970979 0.8556750382152084 0.862755933162655 0.9035646496402802 
1.1693016567325887 1.1221805266483034 1.0096958409003036 0.8748129262304746 0.7690524715410391 0.7328113758577183 0.7799325059420038 0.8924171916900037 1.0273001063598326 1.133060561049268 
1.2146930045474666 1.5257809896070798 1.6173437600279188 1.4544074496133268 1.0992081909401747 0.6874200280428404 0.37633204298322737 0.28476927256238826 0.4477055829769801 0.8029048416501322 
1.0937719225729243 0.5532522665955361 0.1646803131342513 0.07647734133633868 0.32233388851985245 0.8083411100173823 1.3488607659947707 1.737432719456056 1.8256356912539686 1.5797791440704545 
0.7457711053952387 0.8306132033946662 0.9614605532044411 1.0883339145350768 1.1627719756252166 1.1563419271950683 1.071499829195641 0.940652479385866 0.8137791180552306 0.7393410569650907 
1.288757572878981 1.1669641417900438 0.962701336192342 0.753990605186785 0.6205523542006594 0.6133554597113258 0.735148890800263 0.9394116963979652 1.1481224274035222 1.2815606783896476 
1.1891173488526332 0.9063737197400148 0.6406974001990628 0.4935677142884429 0.5211832012719153 0.7129956837376739 0.9957393128502922 1.2614156323912442 1.4085453183018644 1.3809298313183915 
0.4340047895192928 0.6257486802137766 0.9417491074846669 1.261304648573973 1.4623559480789432 1.4681082430710142 1.2763643523765305 0.9603639251056402 0.6408083840163342 0.4397570845113638 
1.7515401440418392 1.6217754373239175 1.2358188996706645 0.7410928102853943 0.3265657201919617 0.15057288854846795 0.28033759526638957 0.6662941329196426 1.1610202223049129 1.5755473123983452 
0.1798093540542517 0.1099531833819497 0.3613698978316735 0.8380268578234554 1.3578573056146335 1.7223036785360553 1.7921598492083572 1.5407431347586336 1.064086174766852 0.5442557269756737 
1.1746016708539717 1.547274337482603 1.692212061116036 1.5540535575783379 1.1855706793860872 0.7275113617363357 0.35483869510770416 0.20990097147427123 0.34805947501196915 0.71654235320422 
1.090963308628787 0.5536168547643983 0.1680788431275039 0.0816116902083451 0.32724290951160584 0.8111497239615197 1.3484961778259086 1.7340341894628033 1.8205013423819623 1.5748701230787012 
0.7455789878448756 0.33328881208678285 0.15696490218429626 0.2839569986908913 0.6657584370436559 1.156534044745431 1.568824220503524 1.745148130406011 1.6181560338994159 1.2363545955466513 
0.2664300385764642 0.019794501117812335 0.12886940102518427 0.5519918338534567 1.1275434116647742 1.6356829940138427 1.8823185314724948 1.773243631565123 1.3501211987368504 0.774569620925533 
1.2224146225412122 1.12692773191045 0.9642640145574064 0.7965554817745369 0.6878610928815224 0.6796984100490951 0.7751853006798569 0.9378490180329009 1.1055575508157702 1.2142519397087845 
1.1876760613477835 0.9066762820961689 0.6426282438798862 0.4963893226348235 0.5238178157984765 0.7144369712425233 0.995436750494138 1.2594847887104212 1.4057237099554838 1.3782952167918308 
0.7977605173032589 0.979609886906417 1.150552839429445 1.2452949771458055 1.2276480236146723 1.1043525152870481 0.92250314568389 0.7515601931608622 0.6568180554445017 0.6744650089756348 
0.43412055135915373 0.6257486802137766 0.941633345644806 1.2611173419824777 1.4621686414874482 1.4679924812311531 1.2763643523765305 0.9604796869455012 0.6409956906078295 0.43994439110285904 
1.1626086920679426 1.434006920048318 1.52093450867547 1.3901880736538943 1.091708309253954 0.7395043405223648 0.4681061125419889 0.38117852391483714 0.5119249589364127 0.8104047233363532 
1.7540695158017623 1.6249019127595505 1.2383482714305876 0.7420589443275007 0.3255995861498553 0.14804351678854488 0.2772111198307565 0.6637647611597197 1.1600540882628063 1.5765134464404518 
0.7885382235876562 0.3921456617072899 0.2092380495982374 0.30967987828507476 0.6551057831016246 1.1135748090026507 1.509967370883017 1.69287498299207 1.5924331543052324 1.2470072494886826 
0.26103708072233 0.010583158881090515 0.11935809405829519 0.5458135581403183 1.127058058535937 1.641075951867977 1.8915298737092168 1.7827549385320118 1.356299474449989 0.7750549740543701 
1.1153926950926594 1.024680423744057 0.9058463221345502 0.8042809780564115 0.7587789008684126 0.7867203374976476 0.87743260884625 0.9962667104557571 1.0978320545338958 1.1433341317218944 
1.172279582677562 0.8229538658861477 0.522559007502028 0.3858356333822251 0.4650074253839363 0.7298334499127448 1.0791591667041593 1.3795540250882792 1.516277399208082 1.4371056072063708 
0.6524750329286854 0.9835187644367022 1.3021630205058807 1.4866965256377194 1.4666337529350089 1.2496379996616218 0.918594268153605 0.5999500120844267 0.4154165069525879 0.43547927965529803 
1.1922219985041307 1.4622262865893911 1.5369810964437294 1.3879326315253233 1.0720123394620082 0.7098910340861766 0.4398867460009161 0.36513193614657785 0.5141804010649836 0.8301006931282987 
0.28041373059832364 0.5303704520011421 0.9410149513708495 1.3554949872414022 1.6154932735685248 1.6216993019919834 1.371742580589165 0.9610980812194578 0.5466180453489052 0.2866197590217825 
0.280930570627998 0.10104268134926186 0.24583118611221325 0.6599917972776806 1.1853292381818847 1.621182461962309 1.801070351241045 1.6562818464780942 1.2421212353126267 0.7167837944084224 
0.14973271335328722 0.05915291786596122 0.3092499822902493 0.8044953285026456 1.3557220670202237 1.7523803192370198 1.8429601147243457 1.592863050300058 1.0976177040876618 0.5463909655700835 
0.8084106370284665 0.3921456617072899 0.18936563615742716 0.27752563789935353 0.6229515427159034 1.0937023955618406 1.509967370883017 1.7127473964328799 1.6245873946909537 1.2791614898744037 
1.2263699944826492 1.1303728559373472 0.9658829703869473 0.795729883306122 0.6849062906690262 0.6757430381076578 0.77174017665296 0.93623006220336 1.1063831492841854 1.2172067419212809 
0.8409528979222175 0.9864807717514759 1.118477784022578 1.1865255624613997 1.1646321685632335 1.0611601346680894 0.9156322608388313 0.7836352485677294 0.7155874701289074 0.7374808640270734 
1.2826031674190792 1.293309058114629 1.173286110571184 0.9683790113203944 0.7568553077399138 0.619509865171228 0.6088039744756781 0.728826922019123 0.9337340212699127 1.1452577248503932 
1.637761680385726 1.4924861620879382 1.1404029216141234 0.7159957899560756 0.38137386633931825 0.26435135220458117 0.4096268705023689 0.761710110976184 1.1861172426342315 1.5207391662509886 
0.18627430576544982 0.11794430316824422 0.3678348495428716 0.8404962496415062 1.3553879137965825 1.7158387268248572 1.7841687294220627 1.5342781830474355 1.061616782948801 0.5467251187937247 
1.0688116968493775 0.5376797005443055 0.16444359769485486 0.09166689376096364 0.3471478160561906 0.8333013357409297 1.3644333320460014 1.7376694348954524 1.8104461388293436 1.5549652165341163 
0.2722625573244226 0.025266018593189554 0.13188998352242537 0.5514077215244386 1.1235777155659339 1.6298504752658844 1.8768470139971176 1.7702230490678819 1.3507053110658687 0.7785353170243733 
1.3490190712048225 1.7141222976509436 1.7877603312711494 1.5418059460872275 1.0702053575573534 0.5530939613854848 0.18799073493936344 0.1143527013191579 0.3603070865030795 0.8319076750329536 
0.38517684645866224 0.04049512867105565 0.04361691211258662 0.3933497816141067 0.9561076680090671 1.5169361861316448 1.8616179039192515 1.8584961204777204 1.5087632509762006 0.9460053645812401 
1.1595508327460524 1.0704910284004892 0.9358112998604486 0.8069547258326168 0.7331401379217587 0.7425621998442548 0.8316220041898179 0.9663017327298585 1.0951583067576904 1.1689728946685483 
1.1686776403335029 0.8312656697380503 0.539609730986288 0.40511247966063113 0.47914729437404424 0.7334353922568041 1.0708473628522568 1.3625033016040193 1.497000552929676 1.4229657382162628 
1.6278657992733132 1.4831092138442155 1.1351265817574439 0.7168354409754955 0.3880087900841073 0.2742472333169939 0.41900381874609155 0.7669864508328633 1.1852775916148117 1.5141042425061997 
1.1445306949048433 1.3939032880958568 1.4741234662671705 1.3545498479409142 1.0808554911599113 0.7575823376854639 0.5082097444944503 0.4279895663231367 0.5475631846493927 0.8212575414303958 
0.1535527384657779 0.06319607255638215 0.3119719188886332 0.8048563597436321 1.3535842912407565 1.748560294124529 1.8389169600339248 1.5901411137016739 1.0972566728466753 0.5485287413495505 
0.28181734230378014 0.038739972291708 0.1441365135901129 0.5577490697196862 1.1215917024126547 1.6202956902865269 1.863373060298599 1.7579765190001944 1.3443639628706212 0.7805213301776525 
1.247440336079761 1.2344928270449418 1.1132822809495808 0.9301070066071699 0.7549337329179236 0.6546726965105462 0.6676202055453653 0.7888307516407262 0.9720060259831372 1.1471792996723835 
0.5582426115901687 0.7017894118925002 0.9405477737993767 1.1833201181606197 1.337375660958728 1.3438704210001384 1.2003236206978067 0.9615652587909305 0.7187929144296877 0.5647373716315793 
1.6547983735870169 1.4973034266221033 1.131160726161911 0.6962243390495614 0.3586251822178905 0.2473146590032903 0.40480960596820365 0.7709523064283961 1.2058886935407458 1.5434878503724165 
0.14883413121097278 0.16094257956440516 0.4748476967639995 0.9706483972820299 1.4589656651666163 1.7532789013793342 1.741170453025902 1.4272653358263077 0.9314646353082774 0.44314736742369076 
0.8368727100454885 0.4248458422606448 0.21381356671399174 0.2843830399411173 0.6095991217374355 1.0652403225448184 1.477267190329662 1.6882994658763155 1.61772999264919 1.2925139108528716 
0.30638145091552116 0.0741024436096237 0.17679008549695294 0.5752211876011263 1.1172086110934296 1.595731581674786 1.8280105889806832 1.7253229470933542 1.326891844989181 0.7849044214968777 
1.3753608007951754 1.7347213919285984 1.7947486363595049 1.5325141669662863 1.0481826380353578 0.5267522317951316 0.1673916406617086 0.10736439623080211 0.36959886562402083 0.8539303945549491 
1.3599911466346501 1.2138232065036112 0.9672873218242557 0.7145518210975726 0.5521530754374315 0.5421218859556567 0.6882898260866958 0.9348257107660515 1.1875612114927345 1.3499599571528755 
1.7544194523721752 1.5565632278140429 1.1274240198718728 0.6309184200743642 0.25669469193951305 0.14769358021813195 0.34554980477626396 0.7746890127184344 1.2711946125159428 1.6454183406507938 
1.13016129543607 1.434006920048318 1.5533819053073428 1.4426890642507129 1.1442092998507725 0.7719517371542373 0.4681061125419889 0.3487311272829646 0.45942396833959415 0.7579037327395346 
0.8401651681391697 0.4338992283053794 0.22516979495396505 0.2937044171726609 0.6133251986800591 1.061947864451137 1.4682138042849273 1.6769432376363422 1.6084086154176465 1.288787833910248 
0.1365095629605115 0.15346819956354918 0.4750784641282432 0.9784961667217266 1.4714328554916745 1.7656034696297953 1.7486448330267579 1.427034568462064 0.9236168658685808 0.4306801770986327 
0.2966407599458297 0.05706272415615088 0.15895993123216245 0.5634111114295144 1.1159296607028264 1.6054722726444772 1.845050308434156 1.7431531013581447 1.338701921160793 0.7861833718874807 
0.9065678923232433 1.0284041761754739 1.1206962829036886 1.1481917646310424 1.100388281874738 0.9955451402670638 0.8737088564148332 0.7814167496866186 0.7539212679592647 0.8017247507155691 
1.3072282074814336 1.024390841567999 0.713542255942378 0.49341604495872543 0.4480929393980665 0.5948848251088733 0.8777221910223079 1.1885707766479292 1.4086969876315818 1.4540200931922407 
1.029785073928579 0.7640250447481184 0.5697046807327164 0.5210477562300045 0.6366395626119812 0.8723279586617281 1.1380879878421886 1.3324083518575907 1.3810652763603026 1.265473469978326 
1.6478574325086577 1.533897175833867 1.1973115972406938 0.7666649476286806 0.40644961000835 0.25425560008164944 0.3682158567564397 0.7048014353496133 1.1354480849616266 1.4956634225819572 
0.1444012420458175 0.16336366327658614 0.4831979816650723 0.9817383583555298 1.4685593142163795 1.7577117905444894 1.738749369313721 1.4189150509252348 0.9203746742347776 0.4335537183739277 
0.8441970532123158 0.4338992283053794 0.22113790988081905 0.2871806900855773 0.6068014715929755 1.057915979377991 1.4682138042849273 1.680975122709488 1.61493234250473 1.2953115609973318 
0.30957444734132566 0.07159595209711356 0.1695415006113938 0.5659992223984631 1.1095357428380108 1.5925385852489813 1.8305170804931936 1.7325715319789134 1.3361138101918442 0.7925772897522965 
1.1300570100220415 1.6163997040497757 1.8486039145384472 1.7379755254122182 1.3267708211966587 0.7720560225682658 0.2857133285405314 0.05350911805185991 0.16413750717808895 0.5753422113936483 
1.2637662775228913 1.024390841567999 0.7570041859009204 0.5637389248483143 0.5184158192876555 0.6383467550674158 0.8777221910223079 1.1451088466893868 1.3383741077419928 1.3836972133026517 
0.6784045536296076 0.7750899826767728 0.9389886466836586 1.1074968267103333 1.2162501253689935 1.2237084789606996 1.1270230499135343 0.9631243859066486 0.794616205879974 0.6858629072213135 
1.2563635917631681 1.2472636449777725 1.1250226427456305 0.9363324931005682 0.7532664198646959 0.645749440827139 0.6548493876125346 0.7770903898446767 0.9657805394897391 1.1488466127256114 
1.642306754776995 1.4836649409334197 1.1215848115725642 0.6943686694593155 0.36519856033833015 0.25980627781331234 0.41844809165688723 0.780528221017743 1.2077443631309914 1.536914472251977 
0.25724095807801794 0.21508916024371072 0.45405187781065914 0.8828534747123302 1.3377063153625175 1.6448720745122891 1.6870238723465962 1.4480611547796483 1.019259557877977 0.5644067172277896 
0.3190979037060093 0.0842370495146888 0.18047176952344526 0.5710436715867636 1.1067675641671513 1.5830151288842975 1.8178759830756184 1.721641263066862 1.3310693610035438 0.7953454684231559 
1.118011506901626 1.559345163217944 1.7683332313804403 1.6651493725942208 1.2892063138252523 0.7841015256886811 0.3427678693723629 0.13377980120986674 0.2369636599960861 0.6129067187650548 
1.1757395666706096 0.9730164137090834 0.7619053263248972 0.6230435644968604 0.6094716015055909 0.7263734659196974 0.9290966188812235 1.1402077062654101 1.2790694680934467 1.292641431084716 
0.8420572337644173 0.987845805922424 1.1195821198647775 1.186947381218125 1.1642103498065082 1.0600557988258899 0.9142672266678831 0.7825309127255295 0.7151656513721819 0.737902682783799 
1.5296033937613027 1.2965128690809744 0.9314697592660374 0.5739081249068364 0.3604043572556247 0.3725096388290044 0.6056001635093324 0.9706432733242699 1.3282049076834705 1.5417086753346825 
0.43206871641263656 0.6218536731683633 0.9373829268054242 1.2581350268793485 1.4615935731248046 1.4700443161776706 1.2802593594219438 0.9647301057848829 0.6439780057109589 0.44051945946550264 
0.43492795602217343 0.2929809788735551 0.40239648985513404 0.7213814826683844 1.1280945319597855 1.4671850765681336 1.609132053716752 1.499716542735173 1.180731549921923 0.7740185006305216 
1.736418419141997 1.6343542350134266 1.2712935467697413 0.785913197341099 0.3636119827379411 0.1656946134483102 0.2677587975768804 0.630819485820566 1.1161998352492082 1.538501049852366 
0.2022371173848764 0.1993519572277268 0.48359238913608144 0.9463882290978987 1.4109671960998214 1.6998759152054306 1.7027610753625801 1.418520643454226 0.9557248034924087 0.4911458364904859 
0.8522157788692438 0.4338992283053794 0.21311918422389095 0.2742061194262068 0.593826900933605 1.0498972537210631 1.4682138042849273 1.6889938483664164 1.6279069131641004 1.3082861316567023 
1.1156233718785495 1.4690062202228216 1.6245498861296694 1.5228419759574352 1.2027314544671914 0.7864896607117576 0.43310681236748566 0.27756314646063784 0.379271056632872 0.6993815781231155 
0.2607237966808884 0.50169531464734 0.9143075384177611 1.340956622685528 1.618677118529372 1.6413892359094189 1.400417717942967 0.987805494172546 0.5611564099047791 0.2834359140609349 
5.604652508424101 1.690486146908425 2.5061172012127404 5.382197694258719 5.8391903382665005 3.7025394758337953 0.21162688568188073 4.408230233803048 7.284310726849026 7.741303370856808 
1.8417825023439134 1.2840150510631023 4.282633761033125 6.008703199658971 5.802923508328014 3.7438955349342216 0.6180979815272055 2.3805207284428183 4.1065901670686635 3.900810475737707 
1.433196192142106 1.5158849965899135 1.3828285193790728 1.0848498123807995 0.7357666137446877 0.46891684044820114 0.3862280360003937 0.5192845132112343 0.8172632202095076 1.1663464188456194 
4.895661776029811 0.635513827443664 3.504107538902746 5.942007661620372 5.746991555008619 2.9935487434395047 1.2665992051466417 5.406220571493053 7.84412069421068 7.649104587598925 
4.2473838899558904 0.2658632984583986 5.040831007225417 8.253643866779376 8.6771165642634 6.1494969225461995 1.6362497341319098 3.1387179746351106 6.351530834189068 6.775003531673093 
1.5272793060527292 1.3773609742480724 1.0646088290610012 0.7084835598985345 0.44501291532803017 0.3748337265375778 0.5247520583422345 0.837504203529306 1.1936294726917727 1.4571001172622768 
6.382677401352643 0.8908834708133961 8.187428401146873 12.719925226701136 12.757114214015454 8.284790433942952 1.0112295617769131 6.2853153685565655 10.817812194110829 10.855001181425147 
3.5837433507886867 0.356236911402668 2.644068656089204 4.271158601540577 3.9035398685422376 1.6816303181983803 1.545876121187638 4.5461816886795114 6.173271634130884 5.805652901132545 
1.0075832546590135 1.3408282215712832 1.5251936449210781 1.4902581993390398 1.249366037625385 0.8945297779312935 0.5612848110190238 0.37691938766922906 0.41185483325126726 0.652746994964922 
74.85632127063921 1.1315950908327619 77.05055185311183 123.90208792344107 123.79050894809637 76.75843430322955 0.7705179417575684 75.14843882052152 121.99997489085077 121.88839591550607 
241.08061903830784 1.559345163217944 238.19427430002574 386.60250564227255 386.9784487010415 239.17850600571757 0.34276786937228965 240.09638733261608 388.50461867486285 388.8805617336318 
0.8450536288380633 1.2649352788681996 1.5649259099421908 1.6304392972963024 1.4364515536794016 1.0570594037522438 0.6371777537221074 0.3371871226481163 0.27167373529400457 0.4656614789109055 
56.33895755985094 1.2994691146769206 53.87310110097026 88.1047065114035 88.32003733931211 54.43684452726064 0.6026439179133696 55.775214133560574 90.00681954399381 90.22215037190242 
0.0914900269186461 0.14896074300947448 0.5128047822628022 1.0440460882879095 1.5397685384110888 1.8106230056716606 1.7531522895808325 1.389308250327505 0.858066944302398 0.3623444941792183 
1.5330028403783744 1.3411571086108593 1.000306209610211 0.6406436016987187 0.3995481766161465 0.3691101922119325 0.5609559239794475 0.9018068229800963 1.2614694308915884 1.5025648559741605 
3901.4458048089655 0.1125478097716045 3900.9004273633927 6311.53875474873 6311.020527868235 3899.5436917763764 1.7895652228175103 3902.8025403959828 6313.44086778132 6312.922640900825 
173.60724455428416 1.3523232351207612 176.15862077648848 284.04158385654364 283.7935873857553 175.50935758687456 0.5497897974695993 174.25650774389814 282.13947082395333 281.891474353165 
1.1793523046378287 1.2852737662789573 1.2635355980527931 1.1224410413685677 0.9158834212520566 0.7227607279524783 0.6168392663113498 0.6385774345375141 0.7796719912217395 0.9862296113382505 
214.05236859683032 0.8382950927290547 215.77202981347088 348.6514542310252 348.7211446234088 215.9544816294207 1.063817939861318 213.86991678088054 346.7493411984349 346.8190315908185 
4052.785978190003 0.14750255177751426 4052.184042783797 6556.355741181917 6555.85911752005 4050.8838651574138 1.7546104808115541 4054.086155816387 6558.2578542145075 6557.76123055264 
3628.0373505770235 1.8865686074173136 3624.6215471841115 5866.284157042538 5866.862335311737 3626.1352375444344 0.015544425171885269 3626.523660216701 5868.186270075128 5868.764448344327 
0.17528388036965065 0.28040923050908806 0.6416990493559382 1.1211529058999967 1.5356357229786497 1.7268291522206565 1.621703802081219 1.260413983234369 0.7809601266903106 0.3664773096116577 
1.8794560138656424 1.6784955240472579 4.958590085741353 6.707943034963187 6.258361003429887 3.781569046455951 0.22361750854305032 3.0564770531510455 4.80583000237288 4.356247970839582 
1.5389382862844436 1.3484937232275336 1.0062416555162799 0.6429107402964507 0.39728103801841447 0.36317474630586355 0.5536193093627733 0.8958713770740272 1.2592022922938564 1.5048319945718924 
435.43531121536836 1.024390841567999 433.4145407519445 701.9405777326381 701.9859008381986 433.53319818277816 0.8777221910221753 435.3166537845348 703.8426907652284 703.888013870789 
0.8743014019487625 1.3624053863025005 1.6933880835472945 1.740825353023749 1.4865977701253463 1.0278116306415448 0.5397076462878064 0.2087249490430126 0.1612876795665582 0.41551526246496084 
1.54333458983549 1.3444971476014473 0.9953787567636164 0.6293307765243784 0.38617109382187303 0.35877844275481685 0.5576158849888596 0.9067342758266907 1.2727822560659288 1.5159419387684339 
50.21697602645811 1.7134957905586536 47.081210333751656 77.52922307804894 78.0004364639016 48.31486299386781 0.18861724203163863 48.98332336634197 79.43133611063925 79.9025494964919 
4482.634299104312 0.11469629727903707 4483.183152875696 7254.191294110516 7254.7081931527055 4484.536412136903 1.7874167353126398 4481.281039843106 7252.289181077926 7252.806080120115 
205.23460850198273 0.3604283079477043 206.18106501875243 333.6108139930484 333.9758423005216 207.1367215345731 1.5416847246426655 204.2789519861621 331.7087009604581 332.0737292679313 
0.53251030653012 0.3486135175563869 0.3948294778164527 0.6535052613136865 1.0258355108186543 1.3696027260601868 1.5534995150339201 1.5072835547738543 1.2486077712766208 0.8762775217716529 
89.52841832112182 1.7082258935861057 92.65565714140948 148.57504787517405 148.10709146476762 91.43053135371214 0.19388713900422916 90.75354410881917 146.67293484258374 146.2049784321773 
0.3755350064190987 0.307834480189905 0.4858229094400043 0.8415147638000643 1.23904784442602 1.5265780261712083 1.594278552400402 1.416290123150303 1.0605982687902429 0.6630651881642872 
2399.8367054401524 0.7380394162866122 2401.394149564744 3885.162586228621 3885.2942380366107 2401.738818472744 1.1640736163044285 2399.4920365321536 3883.260473196031 3883.3921250040207 
0.9077782203798165 1.3019379152389832 1.562072841721719 1.5888202995725726 1.3719636690051746 0.9943348122104908 0.6001751173513239 0.3400401908685885 0.31329273301773436 0.5301493635851325 
133.40977980642185 0.39241643715205565 134.40799420348068 217.44755780778124 217.79281636416962 135.3118928390122 1.5096965954382924 132.5058811708904 215.54544477519093 215.89070333157932 
32.430821242071815 1.307920819994751 34.91035284741963 55.541487910384575 55.32093364132666 34.33293427466213 0.5941922125955664 33.008239814829324 53.63937487779427 53.418820608736354 
378.39281942055334 1.5008719432916284 381.1845525015629 615.6319612546587 615.2921566332359 380.2949324531437 0.4012410892987947 379.28243946897265 613.7298482220683 613.3900436006455 
4811.623895581673 0.316125642749859 4810.749122282987 7783.908445581344 7783.516036720986 4809.721782549085 1.5859873898389776 4812.651235315577 7785.8105586139345 7785.418149753577 
30.392254661729893 0.05871979627320545 29.9339727715447 48.129633894943744 47.57813947256058 28.490141629139593 1.8433932363170926 31.836085804135003 50.03174692753405 49.48025250515089 
0.45641124340296646 0.4163820967902315 0.5805804055132571 0.8862879965350956 1.2167349607042572 1.4457017891873403 1.4857309358000756 1.3215326270770502 1.0158250360552117 0.68537807188605 
205.28217958200398 1.7033426808569818 202.16284196588632 328.44642097993204 328.9113593988975 203.3800665494137 0.198770351733263 204.06495499847665 330.34853401252235 330.8134724314878 
8.80871149905534 0.923096433980723 6.951838829978025 11.80813668119379 11.790856399995228 6.906598466465034 0.9790165986095815 8.853951862568334 13.710249713784098 13.692969432585535 
0.5738605138046807 0.6624127459187514 0.8612170876756877 1.0943370376353898 1.2727286983689263 1.3282525187856262 1.2397002866715556 1.0408959449146193 0.8077759949549174 0.6293843342213807 
0.9794963074477172 0.5679977286837578 0.3028145870980244 0.2852378295327914 0.5219811799659612 0.9226167251425897 1.3341153039065492 1.5992984454922827 1.6168752030575158 1.380131852624346 
1.0253009744554842 356.6048141978286 576.336680213475 576.2907946148557 356.484684141049 0.8768120581349564 354.7027011652383 574.4345671808848 574.3886815822655 354.58257110845875 
904.9705334559555 1.426444041368934 907.6418396619429 1467.53217340714 1467.2383677588166 906.872646488546 0.4756689912216501 905.7397266293526 1465.6300603745494 1465.3362547262263 
374.4186157175469 1.18068184542557 376.69227033734813 608.6834861237703 608.5415698656898 376.3207287501373 0.7214311871648517 374.7901573047579 606.78137309118 606.6394568330995 
1632.877923704445 1.2990306538933138 1630.4127766900149 2638.9990477664273 2639.2141076106686 1630.9758106718548 0.6030823786964945 1632.3148897226054 2640.901160799018 2641.116220643259 
1.3565684991307225 1.560497305836893 1.5316404450686905 1.281020256830945 0.9043651347635785 0.5455445334595846 0.34161572675341406 0.37047258752161666 0.6210927757593622 0.9977478978267285 
1.1004037758892105 0.986396711505331 0.8588908937202201 0.7665892111644391 0.7447477693554931 0.8017092567010966 0.9157163210849759 1.0432221388700869 1.135523821425868 1.157365263234814 
6.734086394319786 1.7945637237015015 3.467150030390501 7.041259052965883 7.562575176898513 4.831973361729481 0.10754930888880389 5.369263062980808 8.943372085556192 9.46468820948882 
144.57945750079045 0.6233613132446851 143.2075664446861 231.97480000290307 231.7722732294676 142.6773444682002 1.278751719345578 145.1096794772764 233.87691303549337 233.6743862620579 
1.5147802516914253 1.7347213919285984 1.6553291854632552 1.3069287567233072 0.8225972277923788 0.3873327808988819 0.1673916406617085 0.24678384712705198 0.595184275867 1.079515804797928 
701.4797579455663 0.34647618855849116 702.4036394589492 1136.529757541651 1136.9034087331218 703.3818709781568 1.5556368440320305 700.501526426359 1134.6276445090607 1135.0012957005315 
0.6393628149980362 0.34020142920533936 0.2743659244801746 0.46700322596105015 0.8445324319833324 1.2627502175922707 1.5619116033849676 1.6277471081101327 1.4351098066292571 1.0575806006069748 
0.7600777733532665 0.6474321510794194 0.6507607165053715 0.7687920707721867 0.9564422482881217 1.1420352592370404 1.2546808815108876 1.2513523160849356 1.1333209618181206 0.9456707843021854 
58.1538021710909 1.1811522301144546 60.42821788930652 96.95702945837061 96.8148224865646 60.05591520368123 0.7209608024758706 58.5261048567162 95.0549164257803 94.91270945397429 
610.0091174850432 0.605422963388407 608.6662512887084 985.0848340895005 984.8712208061518 608.1070044524531 1.2966900692017138 610.5683643212986 986.9869471220908 986.7733338387421 
1.4831054747412065 1.4634579367414962 1.2480904720150088 0.9192661320163676 0.6025846382968024 0.4190075578491008 0.43865509584881085 0.6540225605752985 0.9828469005739396 1.2995283942935045 
0.19583187076770742 0.2808433965235243 0.6218535543259994 1.0886080544035523 1.5028225421285233 1.7062811618225995 1.6212696360667829 1.280259478264308 0.8135049781867549 0.3992904904617838 
433.74185963460974 1.3579959741361272 436.3024145413501 704.9574113914176 704.7059089751083 435.6439726672001 0.5441170584543127 434.40030150875987 703.0552983588273 702.803795942518 
964.3012344918756 1.0610594938597568 962.2211329027222 1557.6042859598913 1557.67227153889 962.3991214592855 0.8410535387302557 964.1232459353124 1559.5063989924818 1559.5743845714803 
39.704089779065946 1.8269202249296281 36.38479949639252 60.33549121994011 60.87680476138874 37.801976746475646 0.07519280766066727 38.28691252898283 62.23760425253042 62.77891779397905 
0.5885362220139008 1.1293181915427586 1.602010260018527 1.8260601234959555 1.7158883493014399 1.3135768105764065 0.7727948410475486 0.30010277257178003 0.07605290909435178 0.18622468328886735 
0.8284243252381818 1.0131807256213965 1.1742077895661998 1.2499986517542792 1.2116037788664478 1.0736887073521253 0.8889323069689107 0.7279052430241074 0.6521143808360281 0.6905092537238593 
140.14697305250849 0.8694275831724056 138.3769384081762 224.40474592274958 224.35429646761432 138.24486001991824 1.032685449417859 140.27905144076647 226.3068589553399 226.25640950020463 
1.409182731764831 1.3872238832900503 1.1986639254067681 0.9155263531091493 0.645960095522754 0.49293030082547584 0.5148891493002568 0.7034491071835391 0.9865866794811579 1.256152937067553 
0.43260812567451806 0.20310770476908224 0.25929830802151654 0.5797170348377514 1.0419748222059524 1.4695049069157888 1.6990053278212247 1.6428147245687907 1.322395997752556 0.8601382103843547 
150.14352521596246 1.1506660591721851 147.91843715851826 240.1244536804175 240.24781916239436 148.24141218337218 0.7514469734180762 149.82055019110857 242.0265667130078 242.14993219498467 
0.6714643595441286 0.3732245178154816 0.29569685971879167 0.4684943155788133 0.8256141304265282 1.230648673046178 1.5288885147748252 1.6064161728715154 1.4336187170114938 1.076498902163779 
4798.203019002629 1.8544682736370333 4794.839155040823 7759.7039204545135 7760.262259626387 4796.300905970041 0.047644758951807746 4796.741268073413 7761.606033487104 7762.164372658978 
311.4182150932008 1.6249019127595505 308.4257973059685 500.30505369709965 500.72151305527734 309.5161020606106 0.2772111198306619 310.32791033855875 502.20716672968996 502.62362608786765 
0.4739600747995557 0.3914388776235116 0.5226725977160772 0.8175344144719823 1.1633971358750146 1.4281529577907512 1.5106741549667955 1.37944043487423 1.0845786181183252 0.7387158967152926 
314.3710424786166 1.3401396422218075 316.9027052334052 511.78247981621973 511.542013219948 316.2731555112069 0.5619733903685958 315.0005922008149 509.8803667836294 509.6399001873577 
1.6077038313858663 1.8493439225126198 1.7478687561302853 1.342038396782863 0.7868662480744852 0.294409201204441 0.052769110077687045 0.15424427646002184 0.560074635807444 1.1152467845158218 
1.824315379103054 1.8982609009901048 1.6104065422166152 1.0707028840242514 0.48529837998984077 0.07779765348725316 0.003852131600202148 0.291706490373692 0.8314101485660557 1.4168146526004661 
0.6770016545501804 0.6279718089364563 0.7023493402884415 0.8717245596289882 1.0714018900219764 1.2251113780401268 1.2741412236538505 1.1997636923018657 1.030388472961319 0.8307111425683308 
1.1926779493973536 1.2651551386111484 1.2176573299197495 1.0683270718521307 0.8742034474413298 0.7094350831929535 0.6369578939791587 0.6844557026705577 0.8337859607381762 1.0279095851489772 
5.1550011968723926 1.8732781598630748 8.549300193916388 12.32305139792239 11.753087077036623 7.0571142294627025 0.028834872727234447 6.647187161326081 10.420938365332082 9.850974044446316 
5.569860148849035 0.1473788296386721 4.968124929268802 7.8227025615485815 7.3260024351949875 3.6677471162587283 1.7547342029516333 6.870237961859109 9.724815594138889 9.228115467785294 
45.75872198700645 1.3773609742480724 43.16683385189271 70.85949406932735 71.12296471389787 43.85660895441615 0.524752058342221 45.068946884483026 72.76160710191766 73.02507774648818 
20.21172669928337 1.2797687967046398 22.64570737409571 35.72502669786903 35.521871336056485 22.113839731873682 0.6223442358856737 20.743594341505403 33.822913665278726 33.61975830346618 
3.908912382320256 0.7291253197473389 5.451933195732265 8.455559159343983 8.592720181974464 5.8110254149105645 1.1729877128429695 3.5498201631419586 6.553446126753674 6.6906071493841575 
44.812316505596584 1.323567401044669 47.31716481089091 75.60048477826 75.3702603903055 46.714429538186906 0.5785456315456521 45.415051778300594 73.69837174566969 73.4681473577152 
36.0140476230532 0.7296463002924614 37.5579114006947 60.40360215649142 60.54044119543754 37.91616065564352 1.172466732297857 35.65579836810439 58.50148912390111 58.63832816284723 
17.94936386412282 0.29589843464626375 18.79140885260104 30.472511049360566 30.87742101182376 19.851476896713127 1.606214597944049 16.889295820010734 28.57039801677026 28.975307979233452 
23.548008877669744 0.010996640977640526 23.16694467480317 37.132629276294864 36.551640321888655 21.645895845079448 1.8911163916126594 25.069057707393473 39.03474230888517 38.45375335447896 
48.442582064069605 0.5898186117286099 47.12496423909275 76.47634120520134 76.25308390215442 46.540469031479304 1.3122944208616825 49.02707727168306 78.37845423779164 78.15519693474472 
1.5566204526027576 1.895612310029761 1.8738159585207796 1.4995568635215035 0.9157892787228812 0.34549257998754945 0.006500722560546018 0.02829707406952758 0.4025561690688035 0.986323753867426 
0.6350676018579194 0.6291997422409685 0.746270230803321 0.941562119993714 1.1404805458685956 1.2670454307323875 1.2729132903493385 1.1558428017869862 0.9605509125965934 0.7616324867217115 
1.0899700649303656 1.2474916726733611 1.291785126140272 1.2059318315858494 1.0227248294837268 0.8121429676599417 0.6546213599169458 0.6103279064500352 0.6961812010044578 0.8793882031065802 
10.407934014256563 1.8715090799284209 13.799370579837476 20.81961280560664 20.250741836249304 12.310047046846874 0.030603952661889856 11.897257547247166 18.91749977301633 18.348628803658997 
5.3300203029640505 0.060618999217116776 5.79137516806403 9.673294128315298 10.22361477872759 7.2321333355543596 1.8414940333731917 3.8892621354737225 7.771181095724992 8.321501746137283 
26.6284625154543 1.8549496026199637 23.263819746994407 39.13332939740522 39.69196604694999 24.726349482864002 0.04716342997033574 25.16593277958471 41.03544242999553 41.5940790795403 
55.914257108069705 0.6233613132446851 54.542366051965345 88.51149214816036 88.30896537472488 54.012144075479405 1.278751719345605 56.44447908455566 90.41360518075066 90.21107840731518 
60.09324129117792 1.7347213919285984 56.923131854023225 93.47501221382734 93.95934374275826 58.19112825858762 0.16739164066169063 58.82524488661354 95.37712524641765 95.86145677534857 
22.082012406920338 1.8908117692026623 25.504681379821243 39.739900839587364 39.15910015218427 23.98412543951065 0.011301263387651804 23.60256834723094 37.837787806997056 37.256987119593965 
39.6608317839988 1.2255897668086222 42.0071489469619 67.10667626385776 66.93700538399845 41.56294481658913 0.6765232657816973 40.105035914371584 65.20456323126746 65.03489235140815 
2827.85755094797 0.06048556849408404 2827.3964119783154 4574.520708554906 4573.970305439772 2825.955437915381 1.8416274640953585 2829.2985250109055 4576.422821587496 4575.872418472362 
59.2317860349159 0.5587371064526807 60.49911292793479 97.69415516416666 97.9366218938956 61.13389906750623 1.3433759261376446 58.596999895344474 95.79204213157635 96.0345088613053 
33.93168036044019 0.7333627465610207 35.481557474461574 57.04027448490337 57.17481663373815 35.833793393030504 1.1687502860292969 33.57944444187127 55.138161452313064 55.272703601147846 
24.67271922506152 0.7174364475313165 23.14861140418519 37.80940522786371 37.66502008491357 22.770606192471224 1.184676585058983 25.050724436775493 39.711518260454014 39.56713311750388 
68.67156971589502 0.5288740400161859 67.45256227937867 109.30614117231728 109.04521805252229 66.76945668330472 1.3732389925741004 69.35467531196898 111.20825420490759 110.9473310851126 
1.6059730352695645 1.8837486015927896 1.8052674923703345 1.4005068238503828 0.8240714140984277 0.29613999732074275 0.01836443099751734 0.09684554021997284 0.5016062087399242 1.0780416184918793 
0.6732316582354181 0.6268887694688321 0.7043669419334301 0.8760721471339618 1.076418832729099 1.228881374354889 1.275224263121475 1.197746090656877 1.0260408854563454 0.8256941998612078 
1.075535899428089 1.2474916726733611 1.3062192916425486 1.229286801967774 1.0460797998656515 0.8265771331622183 0.6546213599169458 0.5958937409477587 0.6728262306225331 0.8560332327246556 
10.624131833705484 1.8806047307275768 14.03028547142923 21.184145297911442 20.609652907210425 12.526244866295794 0.021508301862733954 12.12817243883892 19.282032265321135 18.70753987462012 
13.504735279608466 0.011848385304054077 13.12229292547202 20.880893085047397 20.300430537584635 11.602622247018164 1.8902646472862485 15.024405958062328 22.783006117637704 22.202543570174942 
26.651650831752367 1.8904252151832202 23.229607316393405 39.113448134418306 39.69400991829889 24.749537799162066 0.01168781740707936 25.13172034898371 41.015561167008606 41.596122950889196 
68.16539133533263 1.2061894010862106 65.85046462350257 107.39120807288326 107.54888886733194 66.26327830274234 0.695923631504076 67.7525776560929 109.29332110547357 109.45100189992225 
67.48947940131958 1.3485030441418995 64.94428437796262 106.06729127872156 106.31292674164149 65.58736636872929 0.5536099884483873 66.84639741055292 107.96940431131186 108.2150397742318 
23.94430872776634 1.8638752798291038 27.32339354532323 42.70957542849606 42.14542240706343 25.846421760356655 0.03823775276121104 25.421280512732924 40.80746239590575 40.24330937447312 
45.99140648626658 0.8211335545576725 47.683299750846594 76.69533740206418 76.77563420833702 47.893519518856905 1.080979478032649 45.781186718256286 74.79322436947388 74.87352117574672 
2876.4716294481336 0.051170229208205686 2876.0255630140605 4653.195012435508 4652.638852124078 2874.5695164155445 1.8509428033812225 2877.9276760466505 4655.097125468098 4654.540965156669 
111.95802406149478 0.35353903992864333 112.89333350845202 182.67498294402682 183.0442690532934 113.86013709408512 1.5485739926616982 110.99122047586172 180.77286991143652 181.14215602070308 
1.205698416855806 1.2449732784695955 1.1719819267960678 1.0146045772897139 0.8329540284025891 0.6964146157345013 0.6571397541207115 0.7301311057942392 0.8875084553005934 1.069159004187718 
13.504046203973536 0.010996640977640526 13.122982001106951 20.881156288519122 20.30016733411291 11.601933171383232 1.891116391612662 15.02509503369726 22.78326932110943 22.202280366703217 
71.67665884499552 0.9746881722533586 69.73630898985438 113.44713510379992 113.46174027039254 69.77454581240522 0.9274248603369268 71.63842202244469 115.34924813639023 115.36385330298285 
79.76758282964192 1.3521588649834373 77.21647256390656 125.9277647007553 126.1756595852121 77.86546979705165 0.5499541676068457 79.11858559649686 127.82987773334561 128.0777726178024 
98.01644698274866 1.8467414509920057 101.3678086828897 162.53308962702292 161.97952589416906 99.91856001533898 0.05537158159833183 99.46569565029941 160.6309765944326 160.07741286157875 
57.28734438530351 0.7133906291287772 58.80490593449224 94.79821714212274 94.94510273835796 59.18945741789384 1.1887224034615476 56.902792901901925 92.89610410953243 93.04298970576765 
2947.3693443550874 0.08408140721856805 2946.8700265163843 4767.856673475028 4767.32085339022 2945.4672313224983 1.8180316253708384 2948.7721395489743 4769.758786507619 4769.22296642281 
153.45067506280085 0.266788492284906 154.24561917512784 249.67113721284716 250.09403810910027 155.35278809539122 1.635324540305448 152.3435061425375 247.76902418025685 248.19192507650996 
31.946018842104284 0.011977851738454004 31.563367006876582 50.71930720424913 50.13892467144321 30.043905809513987 1.8901351808518434 33.46548003946688 52.621420236839434 52.04103770403353 
134.48208841490876 0.2735109122382299 133.67626719861065 216.2029834648003 215.78423725256502 132.5799753823185 1.628602120352036 135.57838023120095 218.1050964973906 217.68635028515533 
0.7716399642966337 0.6592617388963531 0.6583392007227047 0.7692247280021026 0.949563818174271 1.1304730682936732 1.242851293693954 1.2437738318676026 1.1328883045882046 0.9525492144160361 
1.228010071603165 1.2840221846165705 1.2128527294180191 1.041686018932544 0.8359019188230842 0.6741029609871421 0.6180908479737366 0.689260303172288 0.8604270136577631 1.0662111137672228 
14.782195717674059 1.895612310029761 11.35175930655052 19.89987343613376 20.48364102093238 12.880082685083755 0.006500722560542066 13.253872339140829 21.801986468724067 22.38575405352269 
29.61052939464903 1.8712771346779613 26.219468124366895 43.931996462845376 44.5007240821544 27.708416362058735 0.030835897912337203 28.1215811569572 45.83410949543568 46.402837114744706 
75.925192332128 1.1914319856089242 73.6341436201263 119.97070783146182 120.11926804155945 74.0230792995377 0.7106810469813599 75.5362566527166 121.87282086405213 122.02138107414976 
81.25022858874208 1.8559663262529646 77.88394072688683 127.51155833613535 128.0708233554425 79.3481155561518 0.046146706337318 79.78605375947713 129.41367136872566 129.97293638803282 
27.681140582132176 1.3271935346740245 30.191856094886543 47.88752707430075 47.655061612515574 29.583253614722494 0.5749194979162914 28.289743062296235 45.98541404171045 45.75294857992527 
1.0923638450978774 0.9765445262831829 0.8509896539586579 0.7636569218991175 0.7479044654209186 0.8097491874924295 0.9255685063071242 1.0511233786316494 1.1384561106911897 1.1542085671693885 
2954.4534596620847 0.13724369108736845 2953.8681234411615 4779.232994439755 4778.7300304532955 2952.5513466294956 1.7648693415020356 2955.7702364737515 4781.135107472345 4780.6321434858855 
156.51640505240303 0.2873243704164071 157.34457691353563 254.66482028515895 255.07502931073796 158.4185180849934 1.614788662173948 155.44246388094533 252.76270725256865 253.17291627814765 
33.578808771028044 0.6949383962080098 32.09110356187347 52.25616343180941 52.09787372846084 31.67669573843775 1.2071746363822873 33.993216594463775 54.15827646439972 53.99998676105115 
1.8179684833431233 1.8085227233765222 1.4715540165092944 0.9357729556196202 0.40582969543887865 0.084144549247184 0.093590309213785 0.4305590160810128 0.9663400769706869 1.4962833371514286 
13.499153196219197 0.004948550778843042 13.127875008861292 20.88302525117406 20.29829837145797 11.597040163628892 1.89716448181146 15.0299880414516 22.78513828376437 22.20041140404828 
37.95089967460854 1.2840221846165705 35.51003687358735 58.37719752384029 58.58298162394975 36.04878664201824 0.6180908479737253 37.41214990617766 60.279310556430595 60.485094656540056 
114.80177664626024 1.2840221846165705 112.36091384523905 182.72452852920932 182.9303126293188 112.89966361366996 0.6180908479737018 114.26302687782935 184.62664156179963 184.8324256619091 
83.92411104265179 1.8625666805988477 80.5471435831271 131.8273114308138 132.3906556934445 82.02199801006151 0.03954635199143422 82.44925661571739 133.72942446340411 134.2927687260348 
152.27161103284695 1.7701737417631187 155.49908357701494 250.19589996931032 249.68965768320064 154.1737240654373 0.13193929082723535 153.5969705444246 248.29378693672 247.78754465061033 
2963.6243246290137 0.06382748914209213 2963.157778318163 4794.190555572553 4793.642217877967 2961.7222115964246 1.838285543447309 2965.059891350753 4796.092668605143 4795.544330910558 
159.51584858874565 0.011004370170817235 159.89692529770952 259.0709267221288 259.6519108996309 161.41796162133602 1.8911086624195388 157.9948122651192 257.16881368953847 257.74979786704057 
38.20086343506436 0.043715685682063854 37.766858705786596 60.78850545595697 60.22773798325751 36.29875040247407 1.8583973469082316 39.66897173837691 62.69061848854728 62.12985101584782 
148.86883000431766 0.26045340217231205 148.08413628311465 239.50234783892063 239.0755316416562 146.96671697172738 1.6416596304179498 149.98624931570492 241.40446087151093 240.9776446742465 
1.4309333571636031 1.800356866027188 1.8453765079503084 1.548796309879682 1.0238998270881121 0.4711796754267042 0.10175616656311909 0.05673652463999874 0.35331672271062503 0.8782132055021948 
0.40703408087479603 0.5986400765460302 0.9248571740072001 1.2610815297394757 1.4788868676986635 1.495078951715511 1.3034729560442768 0.977255858583107 0.6410315028508314 0.4232261648916437 
12.70588006021277 1.394237666962792 15.325075257756607 23.765526244240135 23.491625229954245 14.607993092803081 0.5078753656275191 13.422962225166298 21.863413211649828 21.589512197363938 
14.333252161456222 0.06062757464359414 14.794620901887708 24.240843159283024 24.791158509790282 16.23536519404653 1.8414854579467175 12.8925078692974 22.338730126692717 22.889045477199975 
124.98715689763401 1.1999610054566188 122.68230794162804 199.34083380928928 199.49466524354347 123.08504386504374 0.7021520271336503 124.58442097421833 201.2429468418796 201.39677827613377 
85.93972599951815 1.847220399877497 82.5875893438015 135.11347574306427 135.66733548260828 84.03761296692787 0.054892632712784245 84.48970237639179 137.01558877565458 137.5694485151986 
40.20677393391071 0.05720894146843547 39.7509366581517 64.01230427499937 63.459876092994804 38.30466090132041 1.8449040911218593 41.653049690742016 65.91441730758967 65.36198912558511 
154.1870454047798 0.26634038860141906 153.39282633944316 248.0978757722279 247.674697932668 152.28493237218953 1.6357726439888411 155.2949393720335 249.9999888048182 249.57681096525832 
1.4174908954594043 1.7993187081111945 1.85713919486074 1.5688668950157771 1.044612029101981 0.48462213713090274 0.1027943244791126 0.04497383772956715 0.3332461375745299 0.857501003488326 
15.37505844564632 1.8904252151832202 18.797101961005282 28.88719591172331 28.30663412784272 17.277171478236628 0.011687817407092113 16.894988928414975 26.985082879133003 26.404521095252413 
14.341358776907228 0.05060724687869811 14.7865142864367 24.237746707714464 24.794254961358842 16.24347180949754 1.8515057857116135 12.884401253846391 22.335633675124157 22.892141928768535 
43.53963735552291 1.8661733158838487 40.156834237522055 66.47802472878733 67.04359801460917 41.6375243229326 0.03593971670644566 42.05894727011237 68.38013776137764 68.94571104719948 
127.0446129964525 0.9360419401254982 125.16679405843139 203.09689772552318 203.08761820712368 125.14249996386224 0.9660710924647703 127.06890709102169 204.99901075811349 204.989731239714 
121.95912512297134 1.86074579490697 118.58510391838574 193.37220323029075 193.93442212367427 120.05701209038106 0.04136723768330035 120.48721695097605 195.27431626288106 195.83653515626457 
11.324187694843696 1.2844420052302032 8.882645609800477 15.293593247904733 15.499636811422594 9.422074662253394 0.6176710273601007 10.784758642390782 17.195706280495042 17.4017498440129 
189.18787375508512 1.5404766380239625 192.04368857828578 309.5560100705451 309.19172840166357 191.0899867876755 0.3616363945664027 190.14157554569545 307.6538970379548 307.28961536907326 
65.11089447654899 1.2915100181350483 67.56387284670518 108.39240392341273 108.18199208768677 67.01300750913933 0.6106030144552789 65.66175981411487 106.49029089082242 106.27987905509646 
42.90616543543819 0.05112461410594593 42.460172808150354 68.38985612188462 67.83366761877136 41.00405240284788 1.850988418484348 44.36228584074067 70.29196915447493 69.73578065136167 
167.53317662702543 0.39742931267598947 166.52685122698747 269.48026337343623 269.138102944503 165.63106359443515 1.5046837199142666 168.42896425957778 271.38237640602654 271.0402159770933 
1.8039136150370287 1.7859734245161358 1.4491233528368044 0.9220286782677003 0.40602165120515665 0.09819941755327845 0.11613960807417116 0.45298967975350274 0.9800843543226067 1.4960913813851504 
1.0558880448763837 1.215975270693285 1.2748725365873859 1.2100830888315797 1.0463542943562487 0.8462249877139236 0.6861377618970221 0.6272404960029212 0.6920299437587275 0.8557587382340582 
21.802941952471414 1.8864739389048921 18.38729173642972 31.27446566550558 31.852585426347225 19.900828919881114 0.015639093685408834 20.289404769020027 33.17657869809589 33.75469845893753 
16.872697356770452 0.06319607255638215 16.40717269941604 26.247287895498225 25.6985599640011 14.970584324180152 1.8389169600339197 18.309285732006348 28.149400928088532 27.600672996591406 
128.68871537124193 1.8625666805988477 125.31174791171725 204.25796272741334 204.82130699004404 126.78660233865168 0.03954635199142057 127.21386094430754 206.16007576000365 206.72342002263434 
190.35511310966933 1.3010449284818717 192.8235192888464 311.0572343752453 310.8409296408452 192.25722614225973 0.6010681041084939 190.92140625625606 309.155121342655 308.9388166082549 
2978.309391966325 0.1609108212724143 2977.685761524346 4817.7944095202765 4817.306072624688 2976.407278933736 1.7412022113169827 2979.587874556936 4819.696522552867 4819.208185657278 
219.55604067136068 0.35178474234286516 220.48851160519777 356.76939242774546 357.1397627525464 221.45815370395107 1.550328290247509 218.58639857260746 354.86727939515515 355.2376497199561 
46.6400717427086 0.043715685682063854 46.20606701343083 74.44343133586582 73.88266386316637 44.7379587101183 1.858397346908229 48.10818004602114 76.34554436845613 75.78477689575668 
172.65500014417796 0.237455705168229 171.9075174783905 278.02639064281806 277.5853610871421 170.75288711158768 1.6646573274220255 173.80963051098084 279.92850367540836 279.4874741197324 
1.7851996100760195 1.7846541521675485 1.465702730297382 0.9501739468598157 0.4349822749491169 0.11691342251428774 0.11745888042275844 0.4364103022929253 0.9519390857304914 1.46713075764119 
0.8071356923645803 0.6874798356375522 0.6685013122798508 0.7574492731578342 0.9203486204461088 1.0949773402257268 1.2146331969527548 1.2336117203104564 1.144663759432473 0.9817644121441983 
1.1898370935008358 1.3023596055183058 1.2806962778053692 1.1331217652389391 0.916004515746194 0.7122759390894716 0.5997534270720012 0.6214167547849382 0.768991267351368 0.986108516844113 
21.85368287679398 1.7865040642121945 18.599787315856144 31.518320860783934 32.03465584121442 19.95156984420368 0.11560896837810648 20.50190034844645 33.420433893374245 33.93676887380473 
135.79929786726981 0.6393034276634115 134.40161192818346 217.74240840623486 217.54973440136268 133.89718483467956 1.2628096049268542 136.30372496077374 219.64452143882517 219.451847433953 
212.08721145193658 1.698076835485821 215.1980287512642 346.8629192600394 346.4012353124928 213.98932448452697 0.2040361971045515 213.29591571867385 344.9608062274491 344.4991222799025 
81.03446373984059 1.2623629374225938 83.44028114273117 134.11011924636605 133.9177212971932 82.93657677243091 0.6397500951677385 81.53816811014087 132.20800621377575 132.0156082646029 
2984.9698028967173 0.18739083833348646 2984.303326887111 4828.5283352170645 4828.056363872042 2983.067689864128 1.714722194255908 2986.205439919701 4830.430448249655 4829.958476904632 
221.78026036642754 0.14480550664122738 222.3778318619339 360.03335605447984 360.5316465819099 223.68237339901793 1.7573075259491475 220.4757188293436 358.13124302188953 358.6295335493196 
182.93625278996714 0.14285301499249592 182.34184049231118 294.8148772387612 294.3153800051295 181.03413975737686 1.7592600175977553 184.2439535249015 296.7169902713515 296.2174930377198 
1.617207203607585 1.7761814521593484 1.6199860201760665 1.2082822537878803 0.6983269984587311 0.28490582898272226 0.1259315804309587 0.28212701241424054 0.6938307788024265 1.203786034131576 
0.3581160706595599 0.0842370495146888 0.14145360256989467 0.5079109512772008 1.0436348438575882 1.543996961930747 1.8178759830756184 1.7606594300204126 1.3942020813131066 0.8584781887327189 
1.261864462007101 1.209856229755851 1.0589953032413486 0.8669054288178327 0.706958409620388 0.6402485705832061 0.6922568028344559 0.8431177293489588 1.0352076037724744 1.195154622969919 
17.1859205436714 0.04231439811664606 17.61765794204031 28.826926218276782 29.38855973431967 19.08803357626171 1.8597986344736663 15.715544909450003 26.92481318568647 27.486446701729363 
138.82884210714911 0.8660500462461951 137.06427243236166 222.27743022107995 222.22489333332604 136.92672907455886 1.0360629863440698 138.96638546495197 224.17954325367026 224.12700636591634 
149.00636841611984 1.6096804776432787 146.0385794282632 237.54179439732167 237.94884639123987 147.1042553835296 0.29243255494698306 147.94069246085348 239.44390742991197 239.85095942383018 
218.89870469351968 1.7004460308810887 222.01335543152285 357.8879802777367 357.4248320869097 220.80081772611007 0.20166700170928573 220.11124239893252 355.9858672451464 355.5227190543194 
240.89788754989812 0.22087179271965052 241.61853688167733 391.08940445785703 391.5406834350926 242.8000005824885 1.6812412398707302 239.716423849087 389.1872914252667 389.6385704025023 
188.7953711101861 0.3516864111549093 187.86305927955328 303.9572302920058 303.5867991951885 186.89325807759582 1.5504266214353402 189.76517231214362 305.8593433245961 305.4889122277788 
1.8197135624291039 1.7764479843243457 1.4179109194566084 0.8810513403787417 0.37093135911252884 0.08239947016120323 0.12566504826596145 0.48420211313369876 1.0210616922115654 1.5311816734777783 
0.4080722776147318 0.08972979294367034 0.10038484117429766 0.4359675560342835 0.9682967464840778 1.494040754975575 1.8123832396466366 1.8017281914160097 1.4661454765560238 0.9338162861062294 
0.7478851668546527 0.706185237857653 0.7580178143551394 0.8835846138495508 1.0349233867925653 1.1542278657356544 1.195927794732654 1.1440952182351678 1.0185284187407564 0.8671896457977418 
1.2760581936809199 1.2027373339964256 1.0332829562664119 0.8324208732412802 0.6768735735855278 0.6260548389093872 0.6993756985938814 0.8688300763238954 1.069692159349027 1.2252394590047793 
154.06136078114986 1.5177981777001635 151.24224047756564 245.86961254108382 246.21987815067277 152.15924774855955 0.38431485489009704 153.14435351015598 247.77172557367413 248.12199118326308 
235.1261465768425 1.5563825768651953 238.00769774971124 383.91143323028217 383.5373211505738 237.0282596094329 0.34573045572518407 236.1055847171209 382.00932019769186 381.6352081179835 
125.94534385805088 1.209341369219659 128.26537056145227 206.69165904281303 206.53203022492642 127.84745689064121 0.692771663370687 126.363257528862 204.78954601022272 204.6299171923361 
3122.4172936419045 0.058388304260529544 3121.959548117063 5051.131777395929 5050.580078100214 3120.515180609315 1.8437247283288234 3123.861661149653 5053.033890428519 5052.482191132805 
272.4343506236309 0.2379071638249034 273.1825637648694 442.14403740557196 442.5847879444535 274.3364636562213 1.6642058687654873 271.28045073227906 440.24192437298166 440.6826749118632 
199.48695696756107 0.22062527920506636 198.76670650302717 321.4686409689751 321.0172096380088 197.5848439349708 1.6814877533851798 200.66881953561747 323.3707540015654 322.9193226705991 
1.7125971739410883 1.7623997434891079 1.502296776791065 1.03163876655093 0.5302010756030382 0.189515858649219 0.13971328910119918 0.39981625579924207 0.8704742660393773 1.3719119569872689 
0.33014816256590185 0.09848015154401457 0.1924673338522346 0.5762098003556546 1.1031309717766862 1.571964870024405 1.8036328810462925 1.7096456987380726 1.3259032322346527 0.798982060813621 
1.3583397784476485 1.330828323536894 1.1582569462287682 0.9065420471695924 0.6718301623252235 0.5437732541426585 0.5712847090534131 0.743856086361539 0.9955709854207148 1.2302828702650837 
247.43885843837643 1.7652914108256446 250.65843120514327 404.1718411098262 403.6686162701801 249.34097147096682 0.1368216217647388 248.75631817255294 402.26972807723587 401.7665032375898 
138.9945021504014 0.6084678152885117 140.34229502060126 226.83340685121215 227.04513831259592 140.89661518299172 1.293645217301838 138.44018198801095 224.93129381862184 225.14302528000562 
3186.688661892216 0.05871979627320545 3186.230380002031 5155.12449936305 5154.5730049406675 3184.7865488596267 1.8433932363161276 3188.132493034621 5157.02661239564 5156.4751179732575 
308.5083412386556 0.09697860943012204 309.0285271888979 500.2849531395304 500.8128023150134 310.41045427124595 1.8051344231602793 307.12641415630765 498.3828401069401 498.9106892824231 
0.39523850843017644 0.09848436519210846 0.1273838058137926 0.47089822623360483 0.9978167934768977 1.5068745241601305 1.8036286673981985 1.7747292267765147 1.4312148063567025 0.9042962391134094 
1.3309907886218535 1.1723534137463305 0.9291881456493581 0.6943758518604989 0.5576068476307715 0.5711222439684536 0.7297596188439764 0.9729248869409491 1.2077371807298083 1.3445061849595357 
144.70360040944507 0.9172113437256557 142.85625001642734 231.70020811165514 231.6792906446521 142.80148737685482 0.9849016888646074 144.75836304901765 233.60232114424545 233.5814036772424 
179.7848068156432 1.6250978900964486 176.79207193041873 287.3174079510276 287.7339884298604 177.88269378305293 0.27701514249380393 178.69418496300904 289.2195209836179 289.6361014624507 
291.36845992193327 1.5091253150055692 294.1735472388979 474.83694397265674 474.49203848699284 293.2705729545237 0.39298771758482715 292.27143420630756 472.93483094006643 472.58992545440253 
149.80282449149024 0.625332411726996 151.17790485193416 244.34892725070273 244.550235818281 151.70493752408058 1.276780620863357 149.27579181934382 242.44681421811245 242.6481227856907 
3213.1273465599165 0.011263070191169677 3212.7458512655267 5197.979976369026 5197.399152076929 3211.2252335273274 1.8908499623981554 3214.6479642981167 5199.882089401616 5199.301265109519 
310.3977049593549 0.09946240611325186 310.92190977705155 503.34602672418725 503.87234082889887 312.29981799194525 1.80265062647715 309.0197967444613 501.44391369159695 501.97022779630856 
220.33396679641464 0.31530139661735357 219.46052715598472 355.0466222599673 354.65370398748473 218.43185376382436 1.5868116359728863 221.36264018857506 356.9487352925576 356.55581702007504 
1.72302290463768 1.7559710268393323 1.4814691640510942 1.0043676978829121 0.5069031723286239 0.1790901279526271 0.14614200575097464 0.42064386853921293 0.8977453347073949 1.3952098602616831 
304.01600552967477 1.636455242065253 307.02711699640696 495.50712679001447 495.08352708164267 305.91811856226514 0.2656577905251475 305.1250039638167 493.60501375742416 493.18141404905236 
320.6150842294206 0.46416300786583053 321.7293870164705 520.4681916284554 520.7691083655664 322.51719726201094 1.4379500247245747 319.8272739838802 518.5660785958651 518.866995332976 
0.7720756506178642 0.7180575681096807 0.7530371644653724 0.8636534227898165 1.0076546921114145 1.130037381972443 1.1840554644806263 1.149075868124935 1.0384596098004906 0.8944583404788927 
1.375699304205959 1.3522858774313244 1.1756164719870787 0.9131727959806878 0.665199413514128 0.526413728384348 0.5498271551589825 0.7264965606032284 0.9889402366096194 1.236913619076179 
155.81763515848144 0.8981976012408277 154.00104964705744 249.7138589693371 249.68119036322514 153.91552212589113 1.003915431349432 155.90316267964778 251.61597200192742 251.58330339581545 
222.81222012498128 1.5394228395406797 219.9581103835439 357.07585027731324 357.4394806629148 220.910107092391 0.3626901930495596 221.86022341613423 358.97796330990354 359.3415936955051 
3213.1684631019866 0.062085911189965315 3212.7047347234566 5197.964271247454 5197.414857198501 3211.2663500693975 1.8400271213993598 3214.6068477560466 5199.866384280044 5199.316970231091 
326.0657358745502 0.2284885415000769 326.7987093647399 528.9062019542504 529.352773521856 327.96784890714054 1.6736244910903297 324.8965963321496 527.00408892166 527.4506604892656 
1.4237766844314843 1.7347213919285984 1.7463327527231964 1.4541756216473791 0.9698440927164508 0.4783363481588231 0.1673916406617086 0.1557802798671108 0.44793741094292805 0.9322689398738562 
0.2172831996608075 0.10908925417604409 0.32249818540608866 0.775995035123853 1.2963594205281546 1.6848298329294993 1.793023778414263 1.5796148471842184 1.1261179974664544 0.6057536120621527 
0.9360284540844975 0.7174364475313165 0.5880793667918336 0.5973672200230669 0.7417523629732057 0.9660845785058093 1.1846765850589904 1.3140336657984737 1.3047458125672404 1.1603606696171016 
1.347069722956834 1.3554643279723642 1.2093888942431668 0.9646392725324119 0.714701499599929 0.5550433096334731 0.5466487046179429 0.6927241383471404 0.9374737600578953 1.187411532990378 
159.43203775423152 1.0250072344207353 157.41026994622155 255.35690292170062 255.4026069789947 157.5299247216412 0.8771057981695234 159.31238297881188 257.25901595429093 257.304720011585 
331.83737467288034 1.8865686074173136 335.2531780657927 540.9277396034589 540.3495613342589 333.7394877054707 0.01554442517309531 333.3510650332025 539.0256265708686 538.4474483016685 
150.25219379148692 0.8922983737352042 152.0592341522994 245.50798205196674 245.5442965811846 152.15430682407725 1.009814658855149 150.1571211197091 243.60586901937643 243.6421835485943 
3257.37643181619 0.13847727106568442 3256.789099620933 5269.370663383901 5268.868461791796 3255.4743187836007 1.7636357615236273 3258.691212653523 5271.272776416491 5270.770574824387 
333.111443051377 0.43826212699105827 334.183837332833 540.6458164324016 540.9627407942316 335.0135560839674 1.4638509055993507 332.28172430024273 538.7437033998112 539.0606277616414 
507.6669467565769 0.2941985577580154 506.82765222668064 819.995295034836 819.5893344906791 505.7648337239868 1.6079144748321366 508.7297652592709 821.8974080674262 821.4914475232694 
0.2183898728215551 0.11078341355401988 0.32413271970126534 0.7769456077912504 1.2962629451176033 1.6837231597687519 1.791329619036287 1.577980312889042 1.1251674247990568 0.6058500874727037 
0.5387192983690416 0.7174364475313165 0.9853885225072896 1.240226938012199 1.3846120809623381 1.3633937342212654 1.1846765850589906 0.9167245100830175 0.6618860945781081 0.5175009516279689 
1.3715290093748183 1.1551085174526965 0.8607470965608265 0.6008808045031887 0.4747697323153944 0.530584023215489 0.7470045151376105 1.0413659360294807 1.3012322280871182 1.4273433002749127 
161.6786659856077 1.036718127938064 159.63794955384807 258.9730751364027 259.0260169239291 159.77655295301741 0.8653949046521939 161.5400625864384 260.875188168993 260.9281299565194 
305.12185045608965 1.4836649409334197 302.3579588897402 490.3458479295737 490.6750180386947 303.21973742349945 0.4184480916567945 304.26007192233044 492.24796096216403 492.577131071285 
343.72413681199066 1.705451458685334 346.8468865023092 559.867871058131 559.4016293427927 345.626249844581 0.19666157390507855 344.94477346971894 557.9657580255406 557.4995163102025 
158.98688236233335 1.024427512818192 161.00771216108637 259.85479447868204 259.80944870904233 160.8889953949237 0.8776855197721638 159.10559912849604 257.95268144609173 257.907335676452 
3257.849967142022 0.05871979627320545 3257.391685251837 5270.265909941042 5269.71441551866 3255.9478541094327 1.843393236316106 3259.293798284427 5272.168022973632 5271.61652855125 
343.0820331678827 0.1609108212724143 343.70566360986174 556.3298062893246 556.8181431849131 344.98414620047305 1.7412022113179977 341.8035505772715 554.4276932567342 554.9160301523227 
0.6245143272107253 0.7213827006461264 0.9059786653335785 1.10779283694855 1.2497390613455261 1.2775987053795816 1.1807303319441806 0.9961343672567288 0.7943201956417573 0.6523739712447809 
1.4129394316767518 1.357038438780604 1.1460661503130396 0.8606068097843201 0.6096961828702866 0.4891736009135553 0.5450745938097029 0.7560468822772675 1.0415062228059868 1.2924168497200206 
175.58152492524786 0.9133893246713514 173.7403586889656 281.6679236370132 281.6446440323289 173.67941189265758 0.9887237079189023 175.64247172155595 283.5700366696035 283.54675706491923 
169.36641119936687 0.9753891492223028 171.30789525906908 276.56987918516114 276.5548407909764 171.26852423195723 0.9267238833680563 169.40578222647875 274.66776615257083 274.6527277583861 
3282.788056845723 0.04544826861162454 3282.351248738377 5310.638060478964 5310.078363801403 3280.885943813134 1.856664763977679 3284.253361770967 5312.540173511554 5311.980476833993 
347.80823259568785 0.20531943468105174 348.5037176835554 564.0488122470122 564.5097031101208 349.7103456282782 1.696793597909362 346.60160465096516 562.1466992144218 562.6075900775304 
379.17085714416874 0.11530605661950744 379.7206975268905 614.6489600377101 615.1654822279031 381.0729701767591 1.7868069759709158 377.81858449430024 612.7468470051199 613.2633691953127 
231.63791057275586 1.2990306538933138 229.17276355832576 371.74508012300504 371.9601399672467 229.73579754016558 0.6030823786969228 231.07487659091606 373.64719315559535 373.862252999837 
1.368679744953596 1.3581434384945825 1.1921137641309718 0.9340084143285852 0.682414860033754 0.5334332876367113 0.5439695940957244 0.7099992684593354 0.9681046182617219 1.2196981725565532 
461.53142951366976 0.44999951240078884 462.62281528365776 748.4527108517245 748.7623811104326 463.4335425462602 1.4521135201896593 460.7207022510675 746.5505978191343 746.8602680778422 
1.517032610007729 1.3795266328866704 1.0783596343912827 0.7285671716570153 0.46375807643982775 0.38508042258257813 0.5225863997036366 0.8237533981990245 1.1735458609332918 1.4383549561504794 
192.1772847301313 1.160465154077516 194.41822805619128 313.7781071373711 313.6486854816838 194.07939776272167 0.7416478785128502 192.51611502360095 311.8759941047808 311.7465724490935 
0.8716009493663631 1.085468612176277 1.2479954228587118 1.2971016638160962 1.214030420062452 1.030512083223944 0.81664442041403 0.6541176097315956 0.605011368774211 0.688082612527855 
1.5595454206069803 1.5954426747468224 1.3852063182381025 1.009139493596211 0.6108869457931042 0.3425676119833267 0.3066703578434846 0.5169067143522047 0.8929735389940961 1.2912260867972027 
0.8017541054468813 1.0320522782771773 1.2314128229750365 1.3236867874815699 1.2736286536319825 1.1003589271434258 0.8700607543131299 0.6707002096152704 0.5784262451087374 0.6284843789583243 
0.2005763847878693 0.24402839163671863 0.5575411111029925 1.021363340255985 1.4583307522969953 1.7015366478024376 1.6580846409535885 1.3445719214873146 0.8807496923343222 0.44378228029331174 
1.5987299430739537 1.524593070862139 1.2313847285962447 0.8311005372368299 0.47663545272392416 0.30338308951635345 0.37751996172816804 0.6707283039940624 1.0710124953534772 1.4254775798663828 
0.8286819845866344 0.8340788793425622 0.8841572554907343 0.9597888754439506 1.032085031004298 1.0734310480036726 1.0680341532477449 1.0179557770995729 0.9423241571463565 0.8700280015860092 
1.377402570848804 1.5537343816756035 1.4998637321943051 1.2363673795107324 0.8638919744383805 0.5247104617415033 0.3483786509147034 0.402249300396002 0.6657456530795748 1.0382210581519264 
565.1211079432202 1.2134670419611226 567.4478101253437 917.2996478465446 917.1374692226772 567.0232209758105 0.6886459906293575 565.5456970927535 915.3975348139543 915.2353561900869 
1.5371971775309112 1.5262777961670406 1.295643436944325 0.933388586112289 0.5778822840992471 0.3649158550593961 0.3758352364232665 0.6064695956459819 0.9687244464780181 1.32423074849106 
1.4712791436046466 1.637309976816172 1.5412153130059028 1.219700047611867 0.7955720841126431 0.4308338889856605 0.26480305577413493 0.3608977195844044 0.6824129849784404 1.1065409484776638 
0.29796460193496666 0.35715489978771053 0.643195429172792 1.0468284300251232 1.4138798150002285 1.6041484306553404 1.5449581328025968 1.2589176034175151 0.8552846025651842 0.4882332175900787 
121.32365060189075 1.696445440387433 118.21547295528146 192.6098274141741 193.07050310410085 119.42153756930048 0.2056675922028373 120.11758598787175 194.5119404467644 194.97261613669116 
754.1988922317266 1.5607613049919382 757.0875283355318 1223.7958632645507 1223.4190449820323 756.1010052643171 0.34135172759859966 755.1854153029416 1221.8937502319604 1221.516931949442 
305.13741002497966 1.3471006708515199 302.5944840892715 490.59198947152936 490.836758220091 303.23529699238946 0.5550123617386942 304.4965971218618 492.49410250411967 492.7388712526813 
501.62999102916336 0.5857143943285587 500.31901396743706 809.7556129474724 809.5298190985751 499.7278779965732 1.3163986382615953 502.2211270000273 811.6577259800628 811.4319321311655 
1.1042199062862934 1.2930280006549042 1.3512146111813432 1.2565544303346634 1.0452044298170844 0.7978931263040137 0.609085031935403 0.5508984214089638 0.6455586022556438 0.8569086027732227 
1.0218791440732733 0.7646353468807943 0.5785981001820982 0.5348273090426376 0.6500419279632139 0.8802338885170335 1.1374776857095126 1.323514932408209 1.3672857235476696 1.2520711046270931 
270.4335864166737 0.01585930956219328 270.04465425076125 436.59401710350505 436.01603344356016 268.5314733840834 1.8862537230280312 271.9467672833516 438.49613013609536 437.91814647615047 
435.1598288411636 1.160090320818795 437.40016567427085 706.9315156889892 706.802325692996 437.061941873754 0.7420227117716455 435.4980526416806 705.0294026563989 704.9002126604057 
1.484950498299499 1.67633844426941 1.590693345179209 1.2607287179114988 0.8124798349973551 0.4171625342908084 0.22577458832089686 0.3114196874110982 0.6413843146788084 1.0896331975929519 
910.4275181510515 0.3438323906298677 911.3471219095262 1474.6100576723807 1474.9853428208305 912.3296311836419 1.5582806419607178 909.445008876936 1472.7079446397902 1473.0832297882403 
450.5710542789777 0.5147402374354993 451.76719274252815 730.8232038861028 731.0928621762828 452.4731673115681 1.3873727951549455 449.8650797099379 728.9210908535124 729.1907491436924 
1.5166092589698563 1.5152617992414705 1.2984070980598432 0.9488762806561536 0.6001782391630781 0.3855037736204505 0.38685123334883637 0.603705934530464 0.9532367519341537 1.301934793427229 
1.4638031542854029 1.292989346296522 0.9915688191165586 0.6746739692213464 0.46334785841106085 0.43830987830490425 0.6091236862937848 0.9105442134737486 1.227439063368961 1.4387651741792464 
226.54401848541886 1.2990306538933138 224.07887147098873 363.5029895906696 363.7180494349113 224.64190545282858 0.6030823786969244 225.98098450357907 365.4051026232599 365.6201624675016 
157.4009549747429 0.10104268134926186 156.87419321800263 253.56554800179316 253.04021056088894 155.4988419421526 1.801070351240997 158.77630625059297 255.46766103438347 254.94232359347924 
1.005998985399165 0.6604526320693604 0.4259070852510696 0.39195077191894934 0.5715538496332289 0.8961140471911418 1.2416604005209466 1.4762059473392377 1.510162260671358 1.3305591829570782 
0.24060946991665536 0.3616933730909381 0.7078939652527595 1.1469743871216442 1.511220841338321 1.6615035626736516 1.540419659499369 1.1942190673375477 0.7551386454686632 0.3908921912519862 
3818.798193077062 0.6026113973037219 3817.459876090214 6177.01917033623 6176.80381940948 3816.8960800444734 1.2995016352854183 3819.361989122804 6178.92128336882 6178.70593244207 
2566.5101803319385 1.5334808501625818 2563.6656849312753 4149.268423596744 4149.628381630948 2564.608067299349 0.36863218242694124 2565.5677979638654 4151.170536629334 4151.530494663538 
4343.539544685113 0.01781585998422086 4343.147446754117 7027.014731596467 7026.437957151184 4341.637431652523 1.8842971726047588 4345.049559786707 7028.916844629058 7028.340070183774 
1589.568300218998 1.566294563526792 1592.4658893231817 2575.460911550212 2575.0806735258507 1591.470413251589 0.3358184690640012 1590.5637762905912 2573.558798517622 2573.17856049326 
5230.44260600538 0.48214903633161893 5229.29920121295 8461.302722677558 8461.012921917361 5228.540492972791 1.4199639962570898 5231.201314245541 8463.204835710148 8462.915034949952 
4543.970038509573 1.269418873261866 4541.552804362673 7349.292946770465 7349.48970552781 4542.067925476985 0.6326941593270525 4543.454917395263 7351.195059803056 7351.3918185604 
2558.7191276798567 0.0076840315177545415 2558.3434233916873 4139.131026710029 4138.5479904503845 2556.817014647267 1.8944290010717704 2560.2455364242774 4141.033139742619 4140.450103482975 
1356.4142426167311 1.2869813704354178 1353.968591752476 2191.6909112617695 2191.898524239294 1354.512129584141 0.615131662154475 1355.8707047850664 2193.59302429436 2193.8006372718846 
3631.359936021984 0.060142558850123096 3630.8993520535914 5874.615432647529 5874.064817540776 3629.457822989395 1.841970473739074 3632.8014650861815 5876.517545680119 5875.966930573367 
1634.854933854859 1.3131746131879436 1632.3669014335546 2642.1750319790262 2642.3988332708473 1632.952820822269 0.5889384194018641 1634.269014466145 2644.0771450116167 2644.3009463034377 
3825.5116382484116 0.8354099698113613 3823.796645258714 6187.505076802232 6187.433603305824 3823.609525215823 1.0667030627777767 3825.698758291304 6189.407189834822 6189.335716338414 
5869.200884921159 1.879526934557978 5865.79647519427 9492.574323624216 9493.14814990025 5867.29877188857 0.02258609803053601 5867.698588226861 9494.476436656805 9495.05026293284 
3147.291706621487 0.6847277541750678 3145.8205225781885 5090.3659845286375 5090.2013843014665 3145.3895935888977 1.2173852784142776 3147.7226356107785 5092.2680975612275 5092.103497334057 
583.0786674021653 1.895612310029761 579.6482309910417 939.4228803082829 940.0066478930815 581.1765543695752 0.006500722560368356 581.550344023632 941.3249933408731 941.9087609256718 
2593.1926192504516 0.3221241040641859 2592.308140237478 4194.40153305733 4194.012831449944 2591.2905062178625 1.5799889285253288 2594.210253270068 4196.30364608992 4195.914944482534 
3647.6199358467384 0.21876863648881362 3646.902689493225 5900.668002635928 5900.215423836658 3645.7178228141497 1.6833443961003787 3648.8048025258145 5902.570115668518 5902.117536869248 
3054.6283149916353 1.8904252151832202 3051.206271476277 4938.482607886635 4939.063169670516 3052.726201959046 0.011687817406153865 3053.108384508867 4940.384720919226 4940.965282703106 
449.26480426860036 0.5197689817125142 450.4690794113117 728.7177836506681 728.9843340059645 451.1669173011907 1.3823440508779303 448.5669663787215 726.8156706180778 727.0822209733741 
5524.259031922542 1.8958024732637866 5520.828287820842 8934.420346955272 8935.004232067411 5522.356918889953 0.00631055932483239 5522.730400853433 8936.322459987863 8936.906345100002 
5874.899150790784 1.6774519315013081 5871.821705287118 9502.121275701425 9502.570212757293 5872.997037758195 0.22466110108720402 5873.723818319709 9504.023388734015 9504.472325789884 
5856.955787363123 1.6774519315013081 5853.878341859457 9473.088303802977 9473.537240858846 5855.053674330534 0.2246611010872095 5855.7804548920485 9474.990416835568 9475.439353891437 
1590.882614969619 0.4684633897330507 1589.7613540185428 2572.393096928787 2572.094837973835 1588.9805019370287 1.4336496428567704 1591.6634670511335 2574.2952099613776 2573.9969510064257 
3826.0169487180624 0.21597409463421668 3825.304224028252 6189.324954616886 6188.870648695767 3824.1148356854737 1.6861389379549212 3827.206337060842 6191.227067649476 6190.772761728357 
2509.507926126427 1.7379958925487184 2512.6833338168803 4064.2323124525656 4063.7459571709546 2511.4100391590173 0.16411714004235597 2510.7812207842903 4062.3301994199755 4061.843844138364 
5356.101679802095 1.7523703466010254 5352.903013756412 8662.568113822223 8663.063353005005 5354.199566769505 0.1497426859876452 5354.805126789003 8664.470226854812 8664.965466037596 
