0.0 0.0 0.0 0.0 0.0 0.0 0.0 8.340670182596282 0.10410522412586985 0.15131355577589706 1.6906365700659893E-5 0.08117650387511637 7.998669633496942E-5 0.22423675503147164 0.9429905319971456 
0.0 0.0 0.0 0.0 0.0 0.0 0.0 0.0 0.0 0.0 0.0 16.93808177217036 0.039905783014332084 0.15186277719349894 2.7637902873808615 
0.29543044221914405 0.04821549513234311 0.016675685579703774 0.03626672276060841 0.018151976074818096 2.1666086712656597E-7 0.044405146340026035 0.38681414363454697 0.0023318822711423932 0.07176329790675212 1.5225639117129836E-5 0.09890356444488554 0.07602792852062258 0.22727951279876682 0.9498430781293467 
0.09126944254533859 0.09126944254533859 1.8121648447595193 0.09361340766922695 0.1146271652106196 0.1100695594337405 0.10547044621892447 0.09862177896214189 0.09127003989741525 0.6241713488521847 0.11140911775272269 0.3251413879854962 0.20270088748222892 0.2621868252098302 0.2805796436702469 
0.07183997566070033 0.07183997566070033 0.07183997566070033 0.07183997566070033 0.07183997566070033 0.07183997566070033 0.07183997566070033 0.07183997566070033 0.07183997566070033 0.07183997566070033 9.290237777209375 1.0016827760417608 0.12022417806342413 0.3178359971564615 4.4162275954423444 
0.7401126591046971 0.012526089795262672 0.055093947962686976 0.029568121624748946 0.11117352951520978 3.3253639959079896E-4 0.0014799580906480695 0.0783520253611398 0.24279943710438068 1.8713962149852842E-6 9.466385342343179E-6 0.003920580178159246 5.848778053101905E-6 0.0 5.744097053735076E-7 
0.07388650123514763 0.07388650123514763 0.07388650123514763 0.07388650123514763 0.07388650123514763 0.07388650123514763 0.07388650123514763 0.07388650123514763 0.07388650123514763 11.60746868461429 0.07392066932782557 0.2214067514159898 0.16362578565271707 0.28379373521918505 2.7233666237725234 
0.021460676851779818 0.0020737478621853087 0.004639562065544453 7.139080270243233E-4 0.0023214926115532495 0.010362215404418316 0.004449014714578106 0.026350933464641554 0.051863000935721645 0.25501624690680696 0.14597911194084326 0.07192440293914637 2.6936193843291707 3.1521839565787797 0.019374038392370903 
0.09335423023267442 0.09335423023267442 0.09335423023267442 0.09335423023267442 0.09335423023267442 0.09335423023267442 0.09335423023267442 0.09335423023267442 0.09335423023267442 0.09335423023267442 0.09335423023267442 11.693584666475914 0.9204059000709828 0.34386766886978076 4.324727641816724 
0.0 0.0 0.0 0.0 0.0 0.0 0.0 0.0 8.883901797529164 0.290825569924472 5.0367806173445816E-6 0.1936245269042532 0.761244601920052 2.230615981674086E-5 0.018516274166383764 
0.07028110512900113 0.07028110512900113 0.07028110512900113 0.07028110512900113 0.07028110512900113 0.07028110512900113 0.07028110512900113 0.07028110512900113 0.07028110512900113 0.07028110512900113 14.04310771976178 0.25130083263680125 0.19710244071219019 0.08177516274396626 2.5563797355367126 
0.2646723743278108 0.001181880750679733 0.0026061672943730406 0.005332233121099582 9.532653351627443E-4 0.057969308894178444 0.01705944552743746 0.016952391053032083 0.07214157527448142 0.002111740442650392 0.30684440062511104 0.5544324864491634 0.9938517608856141 0.029531350215219934 1.1423367975983725 
0.0 0.0 0.0 0.0 0.0 0.0 0.0 0.0 0.0 8.163326524831056 0.008114159649681436 0.0867944150177082 0.04551842265710184 3.3084263905955664 3.5659878952541777E-7 
0.06643263422738176 0.06643263422738176 0.06643263422738176 0.06643263422738176 0.06643263422738176 0.06643263422738176 0.06643263422738176 3.2535393333266516 0.16114865135626238 0.08255911724850028 0.11118629889154961 0.06819826819144394 0.13238619507277888 6.329479353136733 0.0797146461910143 
0.0 0.0 0.0 0.0 0.0 0.0 0.0 0.0 0.0 0.0 0.0 0.0 0.0 21.758220487779692 5.226244856845292 
0.0 0.0 0.0 0.0 0.0 0.0 0.0 0.0 15.38431839419715 0.017784101258792265 0.0017723091155104715 2.7380624340970658E-11 2.298873233867E-5 6.465352941296451E-7 0.836775784573056 
0.4472672948477705 0.003679924819253077 0.012302410906093957 0.015491907162346328 0.06795619854488563 1.4116368488376272E-5 0.011769539230904643 0.2738194352496003 0.10767720191440402 0.1967356275726652 0.0014606878893219488 1.178786748333087E-5 0.23686717911754507 0.02612815100810566 0.2874735641769264 
0.0 0.0 0.0 0.0 0.0 0.0 8.109761685492234 7.299113592683402E-5 0.003444815415124546 0.10941878944338411 7.715697533244978E-5 0.18714686194490127 0.00968247793957204 0.01512647450655906 2.6991510219738206 
0.0 0.0 0.0 0.0 0.0 0.0 0.0 0.0 0.0 4.468395789159132 0.04082708505748821 0.005517547972615416 6.620018907910463 0.013236602984993691 0.6446888421964877 
0.2726842331065203 0.006672808860548467 0.022914097237560858 0.027711570763770038 0.015830229365376203 0.026534833331028768 0.15227679672708086 0.006817951956808506 0.0025021163220203917 2.5450542624067182E-5 0.08151149395863698 1.8049698854535472 0.2827135652708159 1.5216789616304293E-5 0.010781123783212155 
0.07149120314036324 0.07149120314036324 0.07149120314036324 0.07149120314036324 0.07149120314036324 0.07149120314036324 0.07149120314036324 0.07149120314036324 0.07149120314036324 0.07149120314036324 16.6203563626691 0.20522144798038583 0.1359086254576424 0.12775856752009962 0.08251138082007416 
0.0 0.0 0.0 0.0 6.145502345615423 1.9409344885179963E-6 0.002575980926990825 0.15549684773322506 0.004524860637151404 2.0490656693885802E-5 4.5660384749238087E-7 0.21238026167204035 5.3345060351741276E-9 8.885137379366643E-6 1.0948995393457097 
0.26026214663224523 0.06837735359436532 0.07182369188013865 0.07111839242222938 0.07001590060429555 0.08445540782403622 0.06840775523433283 0.16523098218844054 0.10529625882914509 0.0830072198026912 0.07201634974177117 0.09357979444167998 0.13244668104898882 6.468649640359042 0.06643264222892803 
0.0 0.0 0.0 0.0 0.0 0.0 0.0 0.0 0.0 0.0 0.0 0.0 0.0 27.818953913327068 3.4391361942992006E-4 
0.42842505260278685 0.12685028605093343 3.01497733324354E-5 0.013369460928521903 7.486436159859609E-6 0.0014567910153915568 0.2825221559783843 0.002154638319914688 0.04783671247366194 0.015283933320254734 0.02562029560927604 0.2872030568350624 0.0 0.009157399276813999 2.04129758157901 
0.2969924573075126 0.0036953381668243714 5.293940253198854E-5 0.011343068568177395 0.0022990523501522225 0.001657137842253142 0.31553551941804836 0.0012248865565645107 0.089277941541478 0.07753420212113803 0.08036048692483017 0.5623354110683038 0.008226506945079221 0.19231024125779292 3.7182378311818454 
0.0 0.0 0.0 0.0 0.0 0.0 0.0 11.878601485173926 0.18897567890282477 2.5056672681745537E-5 4.659822861036239E-6 0.006030481368819316 4.536744700789528E-6 0.08365207805015032 0.013267434409531577 
0.07161251795839293 0.07161251795839293 0.07161251795839293 1.3712422098326782 0.07495573916618323 0.08663506183040495 0.15104530321934945 0.07975722497109512 0.09142150102216759 0.2553524552849614 1.0696203616797582 0.24680469341897723 0.13739266279830223 0.8571968350270939 0.07161377284152715 
0.0 0.0 0.0 0.0 0.0 0.0 0.0 0.0 0.0 0.0 0.0 8.449838652134115 1.9622419632583417 0.3938902990891844 4.313989283960635 
0.09335423023267442 0.09335423023267442 0.09335423023267442 0.09335423023267442 0.09335423023267442 0.09335423023267442 0.09335423023267442 0.09335423023267442 0.09335423023267442 0.09335423023267442 0.09335423023267442 12.387311571905695 0.2650231701235212 0.8594135164735877 4.352343064374481 
0.0 0.0 0.0 0.0 0.0 0.0 0.0 0.0 0.0 0.0 8.404477404810702 2.264501658630091 1.737914726148866E-5 0.04195482781899848 4.750924377169094 
0.0 0.0 0.0 0.0 0.0 0.0 0.0 0.0 0.0 0.0 0.0 16.663291363571293 0.2907250778732101 0.05404161090214401 1.3777903833837573 
0.06782587199392386 0.8823590198889811 0.07687582797527275 0.0728347171084844 0.07812846178629901 0.29309437142043604 0.14351887892612103 0.06787914018679932 0.07016614136002644 0.15384216362923436 0.06788277802758753 1.038708825652122 0.23336778594640883 0.14933924462305018 0.08436270962370673 
0.09335423023267442 0.09335423023267442 0.09335423023267442 0.09335423023267442 0.09335423023267442 0.09335423023267442 0.09335423023267442 0.09335423023267442 0.09335423023267442 0.09335423023267442 0.09335423023267442 14.188996541239963 0.2901813303567986 0.3463208118615736 4.352343064374481 
0.4588175875752413 0.010506032557199578 5.94790157191516E-4 0.026240371921553426 0.012516896129305585 0.0021638058071581385 0.01661029559301867 0.11579081710202335 0.37504380773730545 6.425287990009423E-4 0.32860682002752656 9.197796251435375E-6 1.5002780845558961E-5 0.35459441701141825 0.14085820811656521 
0.0 0.0 0.0 0.0 0.0 0.0 0.0 0.0 0.0 0.0 0.0 0.0 0.0 27.746433435308514 9.440987338261292E-4 
0.07263675769720589 0.6049317729973539 0.1720332811508497 0.07755478827343239 0.09598177690654373 0.07264705892394747 0.07349435345165986 0.07270297897937386 0.0819837803380247 0.0744879784925701 0.07267946558170245 5.000816543379428 0.07266552008609921 0.14968923315334293 0.42453766140761773 
0.0 0.0 0.0 0.0 0.0 0.0 0.0 0.0 13.489688136720515 0.015593929716343862 5.432627368458728E-5 0.34667834676992143 2.41268178724762E-5 6.785428208824951E-7 0.1260020190276105 
0.43341261901168643 0.019585033490638667 0.0022641577953485086 0.03615540763369422 0.04788794271127132 0.025633204630140478 0.023365501728404497 0.19518831900087932 0.0028033026468543276 0.012730700131809651 0.06251289904973158 1.9725429952540667E-6 1.909698053537807E-5 0.2303518814493166 3.6444156585911203 
0.23434158889271836 0.008744654625614636 0.0011981243081665748 0.09411912370299365 0.004041107934942119 8.630066847019075E-4 0.08623752502612989 0.014047486630959151 0.18936438800011157 0.008670588026234712 0.008384655602526417 0.04267377748922214 0.03732167139507137 0.015580380600581652 8.299796639980332 
0.0765411910571823 0.0765411910571823 0.0765411910571823 0.0765411910571823 0.0765411910571823 2.890647191016818 0.2368066454250239 0.1715088473651667 0.1962545468584166 0.08688177942552679 0.07906926528341476 1.8915617171901404 0.07659357844610284 0.08569007800644894 1.9336350718862736 
0.0 0.0 0.0 0.0 0.0 0.0 0.0 0.0 0.0 8.144315367754478 1.093067620898696 0.7071142973601227 2.5129628472989805E-5 0.18309435889310036 7.042210833029493E-10 
0.11848388654578934 0.011431814764278583 0.002881655570448356 0.003159519439632822 0.012292368546247464 0.01787934902808368 0.01824187085180515 0.033729835551695155 0.1872372382795254 0.9206666973710034 0.5270178214364616 0.25966346582837135 0.24232792297565323 0.12510378335180863 0.02066511627019242 
0.17101479308360856 8.605882558788148E-4 0.004569814996682659 0.0020982816405295816 0.010669006314056513 3.785482678417915E-6 0.003910302272768877 0.09115355720614883 0.006202547719657865 0.06894861892263486 0.2248742058870288 5.117025971161775 2.8058394461925748E-5 0.02548000437701944 0.3108783293820692 
0.3073270891240323 0.003143684427566056 9.943613735969746E-4 0.007015254688214977 0.008886372381392537 0.11771330525191297 0.099261550438025 0.03490687404306177 0.08175591221917833 0.0016052144909043111 0.031239415355255398 0.22415207357125239 0.35593093603801795 0.4452742673253767 0.2566799459336094 
0.11350537072406905 0.007423526890010068 4.0700698376213036E-4 0.003004841629155147 0.016119173344056225 0.008553850074401745 0.03933905639581435 0.04931342190149082 0.03583996906939765 0.004858647988946092 0.0010267935053742839 0.2551588242841956 0.003539575126860004 5.417559765468501 2.9041721013084127 
0.0 0.0 0.0 0.0 0.0 0.0 0.0 7.31565393072325 0.08419480594965809 0.05824635876126902 1.3985482433833117E-5 0.06715178111527025 5.0937304006783536E-5 1.0319276026366575 0.9498430781293467 
0.0 0.29709900494352953 0.29510226043291626 0.06960482492065495 0.006438588288136181 0.019203324754194402 0.1376498257415006 0.08208132760252658 0.2284462559364212 0.07137290466521927 0.1349631047984864 0.05115907633571354 0.06493947819591031 0.1120991365072292 4.0760923302807835E-9 
0.0 0.0 0.5054071042591084 0.037555680765978955 0.16897750056726382 0.05165768885297772 0.36179666061613047 0.01786404873699834 0.03140184836933752 0.4711261408380749 0.17595079740701353 0.12299047162093536 0.13298214733354075 0.05506772921634321 0.01634023259098909 
0.19337907443327762 0.18501737298217497 5.097513716994495E-7 0.13695745686556976 0.08169573734816542 0.025275546873554756 0.06286502337799983 0.03646289925010791 0.09449343616726857 0.06256977942128994 0.01954704969307559 0.045459805213780645 0.06613992717459209 0.06090811682826969 0.022432141424423013 
0.0 0.0 0.0 0.0 0.8758805299409317 0.020806084429010007 0.23433180380769544 0.12103660660425196 0.11992187484656713 0.14244830878409523 0.44939505848935846 0.1749760179120374 0.38298266352786203 0.4520373968203046 0.2099244553044605 
0.33005216892925104 0.23896605219617228 0.013224579642603464 0.16616197623246082 0.0 7.000327569915798E-5 0.09074630906217976 0.09120134192477651 0.03075682542851151 0.021054514275387792 0.03028787210279159 0.003846625594622185 0.017191452248745156 0.0185850402341806 0.016201080514312155 
0.1662925211145818 0.10232989938027784 0.00794234931435081 0.06376105547987661 0.20439716969298644 1.5463007149239665E-8 0.1364708866531734 0.008677279547525844 0.19036489015171554 0.15648595295701107 0.05578150027331747 0.012410107351698903 0.09169251721354421 0.15236289328682545 3.042001792065603E-9 
0.2096704591275202 0.21329367816509376 0.10836271108526205 0.0019422838280839375 0.038092566073764114 0.14973597922090737 2.1264486012058215E-9 0.17105199084034456 0.046824601037470236 0.014666839904639522 0.0520129264079454 0.03995002461331124 0.028285290984618554 2.4744198960469796E-6 0.12932354377675415 
0.14902855482382976 0.2732856357459464 0.026055344980926765 0.009124307574577595 0.11035535997350898 0.04975922730337938 0.05745461415045292 1.6646620797564077E-5 0.14305199983776792 0.012926819392215528 0.27630316718996306 0.17863808315506488 0.04333002901417649 3.392849332758559E-5 7.702548378526238E-6 
0.07313699451611393 0.03023872884846783 0.26869833216759226 0.07239511771909161 0.0647916157888603 0.0506892478643037 0.12843836281991006 0.019205211712141946 2.617435301430733E-5 0.1283779271042092 0.1393775617110709 0.2548986598617501 0.048382303444409934 0.1466791884112375 0.015152902050735093 
0.16037491433883738 0.16810083731867204 0.1403625979551041 0.11959858248197533 0.09970468483278339 5.053927212201342E-5 0.06736198079962948 0.002644845812634345 0.053080229763351666 5.821362406221103E-6 0.043938560833404326 0.2435604885055443 0.06891463523941696 0.019257242483496226 2.760404041654823E-6 
0.1639379559562145 0.07187188542736932 0.11505851337913989 0.08781128408990567 0.011030337381775378 0.055209595181994704 0.09826369178631446 0.10592562176256065 0.06730732555025828 0.09110869007547322 5.062173994739286E-6 0.06485070623647386 0.07828313884762331 0.11248209527014469 0.0076004658766016045 
0.19046208528794634 0.08237200670573275 0.06534479433212004 0.0795365873864434 0.05098065552908606 0.05263078606907498 0.2456837688020135 0.024935897225474807 0.005068324468765433 0.24124974300593058 0.053491425762664635 1.986969736373965E-5 0.03832092156044635 0.04003945968858124 0.013237213285368452 
0.1145156160283589 0.13070923378552732 0.038959245075448644 0.13701815375082857 0.010701302596946615 0.07709772205707709 0.04092950691724319 0.20931006175885566 0.11968641722451165 0.07657937936694152 0.08426800909240327 0.09696901801580969 6.3743640569350595E-6 0.06825630713025327 0.015707619007558106 
0.15233576543970986 0.11072364796687116 0.11545158211243313 0.09740793308076451 0.007277266678094291 0.06906837320018028 0.05389307922977992 0.19070246347441808 0.007820600426740378 0.05968320405802792 0.05459967674380033 0.19443837516938042 0.04141965050550908 5.820602660231037E-6 0.018536727425752693 
0.1291398876548521 0.11719457311151116 0.06387285955114476 0.07828206888567353 0.10228870975939945 0.11386941561686628 0.14565105514565643 0.12412011538021793 0.024981734346975735 0.020640140633759057 0.04739628572198888 0.03888595424978297 0.06838293385957653 0.013389400798652792 3.477826730866485E-8 
0.27135714568040686 0.15649969988428572 0.0665898675909338 0.00246007945183658 9.09183878773163E-4 0.11002292983156742 0.01916274655906023 0.22584866897647776 0.04969795224251634 0.07866396937540027 0.1743014189425981 0.07262193916074541 2.5902401428374373E-6 1.1631611978466032E-6 1.4490879411124466E-9 
0.28540193387945884 0.008752696573344128 0.017280733769452654 0.08143781121715667 0.11481872301581342 0.02649037001838365 0.021754605401172678 0.07181144727167917 0.17192358376417904 0.2526245273641884 0.16285039359161346 8.293846037277235E-9 0.1878874855333095 3.734451682017026E-7 7.827627752519852E-9 
0.2425663190770781 0.15782443538422064 0.23768270381215154 0.08971908234246848 0.005613906434984605 0.08110581825129812 0.11548781789913821 0.11091885851755885 0.0043023012501073625 0.004950003683796616 3.981718932553232E-7 1.899270630260071E-5 2.417746329736584E-5 0.044828404985898684 4.234304931650338E-7 
0.18020024819332864 0.19255270411199712 0.21268538696198624 0.08028324080730459 0.02121490486721387 0.07610426282349951 0.02425654450980704 0.09588350713172732 0.003564963102648437 0.17314015549118103 3.8945536765970904E-7 1.8576930067711008E-5 0.04004012134946675 4.080203737758009E-6 0.01706461369319458 
0.3020212775169648 0.02466374359915174 0.2268427772740253 0.14702044093117134 0.04956977041218638 0.03562545600742549 0.02547287809518935 0.04655998024140329 0.04420971733422485 0.05001096198153557 9.636050765122522E-6 0.014261047460100982 2.1494121222010816E-6 0.05398644996905019 0.03064257486209091 
0.40092671386653517 0.2429550478960076 0.009125442064593935 0.11002298287282672 0.013191520363199665 0.015761793957563 0.04099682966136706 0.041820745679782736 0.021687069086484614 4.799852699227682E-5 3.566612981983389E-5 0.05433541427042239 0.0654521599859499 6.248662557685273E-8 0.021930788649094854 
0.22035258185658418 0.17110993509990416 0.14677990353068662 0.14248578278602733 0.14420409770757148 0.07227095693891766 0.002116583664398117 0.003663917327696401 0.0014588239717112745 8.296322037012881E-7 0.1652928749585626 0.06784327448152956 4.576053566796803E-7 0.001300391876114791 4.293148976228754E-7 
0.2859249320744783 0.00469467960106081 0.10489646899848794 0.0784160858376268 0.03363927772168262 0.11386528197697977 0.0993186494029788 0.1708081423116371 0.18200145042524216 4.297937552398243E-7 0.02268917186641699 4.374160803609722E-6 0.18959482993506435 8.401684887601339E-7 0.005106343343356107 
0.1346357653399616 0.2345660371937115 0.057473631745238125 0.056196058896398955 0.22691137925217897 0.011103433952398156 0.14725151108675258 0.021376599536974003 0.26527758649894984 1.839011014667454E-5 9.636910436313404E-8 0.03632501699028588 0.019854366298001358 0.009890433053485557 0.012259074240287306 
0.274555332566398 0.02938308416005546 0.13281077579976516 0.04160585224276966 0.009532666460648175 0.03648863684491903 0.04628611574963735 0.09672297332217451 1.7461846160457102E-5 0.1744531662264197 0.03137198280048285 0.29679771560730306 0.15250632479600126 3.2480087064388665E-5 1.555669624174992E-7 
0.2840734375844914 0.02100485077527459 0.05054461656202187 0.1909499175494959 0.10426513739989632 0.07158883758421207 0.03336220382263443 0.07453933785677819 8.657320628581565E-6 0.0 0.26717470386831 0.14528926989064184 3.339699344090807E-5 0.019026394460629422 0.0017171825275096985 
0.19159450980980822 0.11789975146953342 0.09107878307255811 0.09515534938952043 3.059076171214038E-4 0.024090350097514722 0.1257413193558948 0.12399716663114335 6.600075982878437E-7 0.1624067969342046 0.05712394007125495 1.412374815239247E-6 0.09264040661689962 0.1814140749707288 1.7338654296496746E-7 
0.34102782662583286 0.045406937701503114 0.05153376427077737 0.015191096103348178 0.33943721942973276 0.0321702846096832 0.02576094932249712 0.03285668383294097 1.650690886301074E-6 0.2296194605153885 1.0228748131937576E-5 0.04725781769610911 0.034932589269727365 0.015494431111165026 0.004284207534581037 
0.25681422414481275 0.030973485826991394 0.03190316910142873 0.10536362288462367 0.008553629220773297 0.18689155053142809 0.12154651700348508 3.205903262298759E-5 0.16692439452019683 0.30409687968990523 5.176315862169393E-5 0.23473756842716642 2.4613627726713433E-5 2.224285901169067E-6 0.017298201126653718 
0.22374992525268675 0.057940006408239514 0.09043186963669984 0.0599037917517118 0.05330245232016096 0.05030453836825032 0.020507817667410253 4.372318671620663E-5 0.16659733526572468 0.18431718830720495 0.05842924096960113 1.4289730582010665E-5 0.2520172386381007 0.040528394752940844 0.001251646792078372 
0.18597485190977653 0.12893136938586544 0.02106647874460896 0.08997587633890057 0.05746279995588146 0.28176360206572404 0.056809356150654924 6.128388304462816E-5 8.736564666236087E-5 2.9524380933140077E-5 0.19288848479096035 2.0365603665032813E-6 0.18351832696003922 0.12529023499812722 0.15036771169684388 
0.43265953525310524 0.2344752880502431 0.07602844141372056 0.0774102308000251 6.981554241877236E-4 0.0025419170434888448 3.2415895960778007E-7 7.467640571746562E-5 2.1609666192933497E-5 0.09261347725872741 0.01951786267049255 0.16739234346085785 7.776188370556254E-4 0.02238063962590634 0.010852357578474883 
0.37473219191995955 0.04144162130679057 0.03293124655356513 0.01360156234957619 0.006199838171965323 0.24638028171669935 3.747283646737174E-8 0.38740625489517255 0.15980369357363972 0.15933940705986765 1.846283539479124E-4 1.8660163384896247E-5 7.821534786980682E-5 6.859960802456507E-6 0.11825506881006562 
0.3460677882555961 0.09204955608497879 0.14018898030510696 0.03552716503066237 0.021895488506142875 0.2510816446695104 5.753562639921496E-6 3.884211148068837E-4 0.0032116902857834673 0.1343496236219377 0.08279121753895516 2.4100470589510677E-6 8.565769023887266E-5 0.03639727854063187 0.02058784365437114 
0.3572431028592259 0.06999472379636462 0.01578078617942362 0.006885256947294398 0.07283662360198614 0.0981871840897733 6.557246845692355E-10 0.07486926077530716 0.17736912619185444 0.06367585448364632 6.530983130083307E-5 0.1443277760028505 0.20046724592054646 7.150939671888297E-6 9.021948318766512E-6 
0.370565706427129 0.03024650110387957 0.012322127861181559 0.01200415439845602 0.005355568757736527 0.3141690317132898 5.810986884811483E-7 0.010741313044483386 0.09541113740765708 2.7944064593677767E-5 0.17658535701772524 0.07720513750896531 0.2915315095056176 0.035053387197985224 0.07692322139734326 
0.5337054083992956 0.007677358615029137 0.0013287109009723446 0.05765253012501542 0.006110399948196663 1.3894197399172805E-7 1.6392620476347564E-7 0.056971029132832536 5.092837116008127E-7 0.22487751782606258 0.08257583312693467 0.15842717257613018 0.06628847532121385 0.36254252390836283 0.02610365811947981 
0.3692334343898415 0.06535190021820877 0.06358836507572205 0.009262087655532533 0.008125397256259374 0.21130479296695842 7.24789605942493E-10 2.3354428209034976E-5 0.0021999974592213935 0.03398777246204979 0.33828757647829955 4.660815527878767E-8 0.3154822912318639 0.07971496470268145 1.6995084338368872E-7 
0.31115339898322386 0.3080374936938921 0.05102796748489543 0.012009619031315793 0.033633501179249375 2.33143551359456E-5 0.05554913156400159 0.03856432041064758 0.012223312358194603 0.13723187639086606 0.04126566177569212 0.0040375585064445635 0.024258871129251423 9.772376151576676E-6 0.03596213911338863 
0.35381715451570356 0.28557481697529263 0.05384245644131029 0.01865979770204878 0.02364464448740044 0.0 0.04827497910531817 0.02994511454411113 0.03314795646671791 0.04130055878967223 0.0261937891089197 0.08417018421225327 5.6671713253348785E-5 6.972928666761353E-4 0.018273124444625373 
0.15469203828976266 0.1440328096587733 0.06018033183346259 0.007594545047384665 0.3575399924396365 6.0682935385031325E-5 0.17881976712837533 0.3004707780127633 0.0034267508163000186 0.09269254315849258 0.053628995580120895 1.5560854711282922E-6 0.026546627664587662 5.847781626039811E-6 0.0349010089414847 
0.25609673850011366 0.028924258717995515 0.010920644215121907 0.04778927508338533 0.1880074252626909 7.391440240550848E-11 0.3578686937175855 0.0701817138961677 0.1852766917578387 0.23604268127678427 4.198234279933481E-6 0.14695199753394383 1.8040505896077725E-4 1.1370500765634198E-5 3.358596266172468E-8 
0.3987581692275414 0.0268254065669529 8.184397869140019E-5 0.004590912866729199 0.05639892498271759 3.968074007962636E-5 7.06104731973075E-4 0.34342288785801134 1.013994664186742E-6 0.30273518026417423 0.00431216389113044 0.3870698435478515 0.16727160553775647 0.10526966659692469 4.816119406731399E-7 
0.3643736908504363 0.004635427096713101 0.030152672026663344 0.008195794484571072 0.11759838268658383 1.4861092746118129E-5 0.29416268862275713 1.803299290354323E-5 0.2113898576798873 0.00841551794523077 0.17931437637344189 0.0681610465302358 9.355150329627485E-9 0.3266257203589882 8.709667371428493E-6 
0.5213392774139229 0.007499471674479154 0.0012979242295529994 0.05669751502893388 0.0059730670309546905 1.358192149616463E-7 1.6024191828412382E-7 0.05569058960425498 0.01332183298851629 0.23261648000613327 0.036889354058213523 0.16615513011248176 0.07081237063245735 0.35657589990848776 0.02610365811947981 
0.3645317803514335 0.01798604550403147 0.26309403636359147 0.08392214816468004 6.125946379625742E-6 0.059152303044344275 5.087789356895923E-4 1.2900429902884338E-4 0.0026878677481356555 0.1684477335710545 0.08304025234740316 0.17917930379958674 0.042778505137770005 1.0205598063701237E-6 0.01292528352007669 
0.4134861815983916 0.3242936145754109 3.3711629661416726E-5 0.06130142480793032 0.0 1.748991297761852E-4 0.09991111649233296 0.0030233661192866986 0.08659240304698426 0.04467378189003039 0.09326962748231193 3.6403481650205933E-4 0.0 0.06394207581030041 9.351656776819539E-4 
0.5268442229225957 0.1640695413175853 0.12463714290252732 0.027380905658249452 4.227199578807296E-5 0.0032212081723119157 9.00879476623636E-4 0.05979376748473183 0.007878202916456818 0.00468019900480752 0.0012586103841670073 2.9658652403935874E-5 0.1805431607925162 0.0033355909813734177 0.02482360062010632 
0.5070494470550234 0.0251469755566521 0.17188183602079599 0.0766506567663978 0.0 0.002785829804608733 0.06257996494040922 0.10285239387751458 0.003566884226196391 0.02773160667207439 1.4068109904852157E-6 0.04180943691608575 0.10993076804199624 0.0 3.514029636387042E-4 
0.4074460082057754 0.05998313172659591 0.01146574733844006 0.0028590621374268038 5.494748847194073E-5 0.10202500240303923 0.0012992629176619222 0.10333781794849065 0.0694975013065273 1.2443348215983783E-8 0.4349167677458876 0.11410478909769897 0.26175245304537476 2.724238326517266E-7 5.143198611142277E-11 
0.6725473265974011 0.0816093069541801 0.04525718626050419 0.029048698043482448 1.366664475065524E-4 0.007717105058583191 0.002576038686942539 0.12945936343990408 7.36535025970322E-7 0.03760195275604157 0.003621209641482482 3.786839335529249E-7 0.14652703342134035 0.006097318451482428 1.0771689432160364E-4 
0.7617648047145497 0.07973935896699993 0.037906787620993414 0.020158452110262345 8.139549554106704E-6 0.0026750635502822214 1.3553221770029152E-5 0.11274513524935179 6.464264579084644E-7 0.01791663545305951 0.0 0.0 0.32613356179981773 0.0 8.669902398878316E-4 
0.33434328682483205 0.24301389948462676 0.013414969153372019 0.149901155551389 2.509672235408081E-7 1.3001394602999119E-5 0.07483792233119757 0.0872308559494755 0.044913365599213904 0.01486453083345231 0.028469956190960852 0.003307069630681348 0.01610640519014205 0.03934873060955878 0.015773140068290614 
0.0 0.0 0.0 0.0 1.2268051870227359 0.044517613565452294 0.16484870906975474 0.15127748190587734 0.10247618977095109 0.17110011625601262 0.5397856065034026 0.273852069209668 0.4543678388296994 1.2473711793124188E-5 0.20786425347239815 
0.0 0.0 0.0 0.0 1.156527808020848 0.041967427738156066 0.1554053717511521 0.1426115706081339 0.04161330388521232 0.4117285575394789 0.5458293242217287 0.2784633705056538 5.496684197404998E-7 0.4441866344642698 0.2099244553044605 
0.0 0.0 0.0 0.0 1.6809794707798467 0.0034725398660872112 0.05624021432243644 0.23525803603796586 0.3012753430131691 0.6580833597319699 0.05619468597216619 6.712636832409598E-7 0.45355542288100603 9.949427921672085E-4 1.7304961983106295 
0.03101881872970731 1.7763455904516202E-4 0.004059966721806037 1.5823738058308836E-4 0.28865187810556425 0.026000832504029642 0.08328063571651553 0.33270924758629 0.5739720952514502 0.5085361850493858 4.579157196661785E-11 0.7585058965271437 0.15610041126117005 0.014979237289536993 0.24074117992071237 
0.0 0.0 0.0 0.0 1.1458455407803583 0.0479095950744919 0.020207994874590476 0.28740652933479865 0.08799046758443974 3.2692199599279175E-4 0.11465923278871232 0.2496157244795451 0.9122446831299882 0.6366283901099592 0.7027363153414172 
0.05866584089322734 4.7922717228421005E-4 0.0011580995285886734 2.567550323670926E-4 0.4665448592084253 0.0029948009929640505 0.07348370239747239 0.6979168052145522 5.616708779440364E-4 0.43817738774757875 0.12775554285235777 0.2862223929212372 0.5709087666645495 0.015357713913378288 0.01186790608413443 
0.0 0.0 0.0 0.0 0.0 0.0 1.318342969785678 4.3117039561824626E-4 0.12314240528702364 0.3125577592578621 0.17375458038583153 0.5381424554588453 0.8628987347003165 1.8529553009709174 0.011037929016306045 
0.0 0.0 0.0 0.0 0.0 0.0 0.0 1.7500853595603745 2.2345207299185477 0.2304462665348082 0.0027804587356988282 0.22937297969310613 0.08019496438358024 1.2036774295697066 0.013325901907899219 
0.0 0.0 0.0 0.0 1.253557928425646 1.541078044261615E-5 0.1325908499281638 0.1216752622090918 0.08242348499908958 0.137618971754233 0.434159495389138 0.22026425815522613 0.4195961412469419 0.4520373968203046 0.2099244553044605 
0.0 0.0 0.0 0.0 0.0 1.087179498719946 0.013221998573785282 0.7077426202806383 0.7401343825399128 0.08675842049801767 0.22002981252728335 0.2451160509665541 0.1810513399952503 0.3579968570147297 0.0013015850217392572 
0.24112495010691892 0.1441084159055228 4.692431149519586E-5 0.11368764416337537 0.0012391799876880834 0.1522949313013256 0.012618120695577394 0.12703242382346164 0.030262593154819314 0.2792999102721895 0.04744053129504059 0.13242006747139098 0.027154981168186165 4.256696643320054E-5 5.141624532709575E-8 
0.43920343755615593 0.006127528286222002 6.717052901734577E-5 0.041549067125707224 0.19537263686736958 0.0012143007353181817 0.009850354909991334 0.10166206182512087 0.08961269206456161 0.018188789288306972 0.316079037354171 0.13937019113136065 4.7101357829870725E-6 0.02272321022518854 0.060647899092383314 
0.3905561114639938 0.022633158622557003 7.812065074694259E-7 0.10287752978956838 0.006507865226203452 0.06803331571232606 0.11823223332996272 0.02235359270772182 0.05209157534822604 0.11336954789776618 0.2568390704632138 7.531255360071898E-5 0.05484671097620696 0.035122779816998836 0.02998144740023783 
0.46738717943903246 0.011127127190862061 3.4938346346065548E-6 0.022138772009091805 0.0015558177725164993 9.946302493069336E-8 0.13136880490449795 0.18173786056914185 0.17388642982293528 0.011982816152838598 4.745025830356348E-6 0.45645952204529777 0.17398774211420132 2.9136869354884264E-5 0.1491070623333379 
0.20552536994083762 0.2588873847906781 9.398514585696123E-8 0.01534287046372901 0.09095620655610065 0.04149240686610317 0.2203056353803727 0.12964135739165208 0.023978022621841778 1.15390696156506E-6 0.049613307375842436 0.0016393136534187933 0.02452325735289905 0.2098407436405917 0.013190760280873456 
0.38561409066158364 0.06255754166396438 6.14020713509138E-7 0.16497202372331538 0.09840655213920994 0.030445645048276997 0.07234727239406163 0.0417674874502149 6.78482816795796E-7 0.09756693264695945 0.02095548520199941 0.04873534832116478 0.07090554773897476 0.008042719927465894 6.978215399467726E-6 
0.5638192264054521 0.001971570712854352 4.6220018103956215E-5 0.11390490791599843 0.06597627228003056 1.3138616845436343E-4 0.15406310836736964 4.7813836397489954E-5 0.039754597574136685 0.0687555545955912 6.503122937870531E-7 0.03468570696359231 0.33615206786908697 0.027217065376070056 0.010794774207215849 
0.39282125415863484 0.004308805112286105 5.873631010176066E-5 0.04240710693519502 0.005338339884604613 0.06315040045442792 1.735873196138254E-5 0.13531266277664605 0.018881994561328302 4.573745578796146E-4 0.15151856178038364 0.3362256672703414 0.32896521989288463 0.23681154559679982 0.017033165408943222 
0.34462947409852585 0.02286527030890606 2.688355256859864E-5 0.013442900575071933 0.05578706118019046 1.0158716710741287E-4 0.016105429619170174 0.1444550279792738 0.14280541961571036 0.21016178227618162 0.023444047737973678 0.05593124453554551 0.09213306978224603 0.42245460054356754 0.013449751231187999 
0.0 0.0 0.0 0.0 0.9069221748118759 0.0138072887636543 0.01595110241700172 0.0861873810942497 0.8494575418493332 0.42346211826216396 0.0032384635441485175 0.7502649269917243 0.26136239719563753 0.1498717581151337 0.5180928731422263 
0.0 0.0 0.8704237626017646 0.06082765837006495 0.02105188639888282 0.060400930266297545 0.045824348376863326 0.43294501252373935 0.5241001968825806 0.0044810477714104305 0.2009952298011088 0.2373573336494808 4.937689767499627E-6 4.545090356918407E-6 0.036684518113231056 
0.0 0.0 0.6154767149298853 0.09052425614065221 0.23439502511886456 0.19949169913834383 0.024582475476039197 0.268481425735591 0.060351550468497175 0.2098240839700019 0.015780037247384235 0.2228427209455147 8.87425470544146E-8 0.10875544945505154 1.0798013519300927E-8 
0.02632145911512472 2.1985918387607056E-5 0.002962865604295653 5.215638573518114E-4 0.24075894068996959 0.01120654322371234 0.3427867189868677 0.6240100808457021 0.7542346773878082 0.1706855052259486 0.13303716607612578 2.5014089846786003E-6 0.413222062768752 0.014767921542330947 0.24074117992071237 
0.0 0.0 0.6868993015534374 0.1006068363186539 0.0016541636301920005 0.13799030976285306 0.11338363096628243 0.01494780364458859 0.8379301744204531 0.20087916104692524 1.3938797810833456E-7 0.0326503714636082 0.21749630917666504 0.10537313735029313 0.03829545341871694 
0.0 0.0 0.9984322770635636 0.06814926044259831 0.044914763446802675 0.0498923558878008 0.017060563112627596 0.006535566166108659 0.1179567939809755 1.1108923901205765E-5 1.1530070214077341 0.1598795281403696 0.04472429701960323 0.011864055578742547 0.7083305254317919 
0.0 0.0 0.0 1.6879502160062427 0.003914433581373812 0.009775975569585772 0.153445896997262 0.2948767805238749 5.841364880026087E-5 0.15838233772159027 0.16904021799311586 0.42291276135712463 0.019239658249706863 0.13645855239419147 0.1325275584200415 
0.0 0.0 1.193188535008987 0.05412078841775174 0.05137341533789467 0.0842319537487576 0.08904092507766892 3.4153360738835575E-5 0.011946003090272394 0.12462506108390886 0.05110870335916778 0.03937484685317028 0.49008770675134333 0.21908895157425765 0.012318249615731174 
0.0 0.0 1.4413220243325697 0.22779545484551525 0.02187352482401407 9.869095193070504E-6 1.1303374472508095E-5 0.19811462088580764 0.049604843666702016 0.03295498552092002 0.06155112839474195 0.40115393515714565 0.16911939089111572 2.9040803207017298E-5 1.0335396707580619E-7 
0.0 0.0 0.0 0.0 0.0 1.0938148419694915 0.07057655729831142 0.18040289636694845 0.3985769090613597 0.2912941372194468 0.3730179775694816 0.35239567074296185 0.17319352323580567 0.5539105152251699 8.90461945728515E-4 
0.0 0.0 0.0 0.7332964537969833 0.03734153223969537 0.008901790909541468 0.05152349335612362 0.112265203136043 0.2908385138765108 0.15628929827090274 0.32301799378340207 0.24763487431761622 0.12771408074358734 0.6417301677629424 0.27514382307769286 
0.0 0.41720858746072764 0.0730874743264129 0.056212958788344536 0.005812882687752217 0.022238045358376153 0.20754364953109264 0.1886019163019169 0.14220264399026208 0.17137167104893547 0.025368141392475247 0.2898330415518086 0.14892760168678815 3.171790727727449E-5 0.017298201126653718 
0.0 0.2582910523822995 0.3887084112060804 0.007283242005582419 0.07258570422272957 0.0030687407236329586 0.0010226812027012372 0.15237611402307855 0.07977331296945657 0.2669390279102273 0.0620135218465211 0.5085601619761125 3.214905763115409E-6 0.22034848313093508 0.00489503601269467 
0.0 0.39330181916343365 0.33348500458947994 0.0022521526418761138 0.03374415439732329 0.11584292868536351 0.12658625761868514 0.09340727153223367 0.011835707853572424 0.15310997213569602 0.16706368693434523 2.0541788651193306E-5 0.09184155890705757 0.0739534044053706 0.011735014845265165 
0.0 0.39041973019271947 0.06839454619248808 0.052603539004445345 0.004261960398149119 0.05241234591029664 0.0702233001663247 0.16547901683531188 0.12418122754443967 0.22579934454818626 5.990320376923524E-6 0.24850792242614841 0.15212891992105604 0.249834741419859 0.017298201126653718 
0.0 0.5142616897777217 0.06157281051811261 0.06406212592983021 0.006543787077755827 0.06433200869676607 0.046198644688577116 0.1923149956386095 0.002099174925079324 6.352738811770474E-5 0.26911055257018707 0.25004914420217456 0.15502673402396955 0.2278198233510659 0.017298201126653718 
0.0 0.34114319058347087 0.289259120945291 0.004742513658744078 0.1093442131830863 0.040296142447237046 0.02722332833608122 0.05004902968887381 6.54553993303637E-5 0.15295958092497655 0.40523141854774714 0.10303191134136833 0.1607570142755736 0.05556428099091924 0.014676903978067049 
0.0 0.38723005642305397 0.32833668915669434 0.005775937038080698 0.034538314233141965 0.08305575480443501 0.0010578784776258095 1.9204227914804323E-5 0.008216298279641635 0.16985405743236587 0.12086324404734629 0.32789585880457967 0.5051364406519768 0.03538167742713855 0.01427503591465604 
0.0 0.4479165246795469 0.04786168019472901 0.007803641003263078 0.03250888894917564 0.10013985525323757 1.291229889542122E-7 0.11657212151983877 0.0728935309105442 2.0232912290487652E-5 0.33395642512909035 0.16739483211951703 0.5160899137977524 0.4506133664622028 7.285451503330487E-6 
0.0 0.46588362788303883 0.434892439735368 0.013520301555148082 0.02869079617319993 4.660187234261531E-6 0.023166057303551032 0.024497563901844703 0.1426781166017981 0.305572172368658 0.13136859507028287 0.03691237921708455 0.07276882080355164 0.017756309065885795 0.011296103578334396 
0.0 1.0363744257383933 1.837004632081889E-5 0.03375684619438995 1.1141061543177207E-5 0.002337901763087753 0.052269342169344576 0.0016614110204735356 0.14915025716808364 0.435003676694959 0.7494174267069514 0.0030590041608687703 3.3769939151561E-7 0.12583704300363235 9.154991670554807E-4 
0.0 0.5456177242796331 6.12569378377359E-8 0.1583328022198797 0.009586625728821694 0.028238030854661082 0.046950002127756386 0.2267824468167571 0.1592027851387064 0.03900223864082481 0.04010252426553728 0.08502779336812653 0.06739940719635351 0.656298220067368 0.0011577431653887055 
0.17308225458464377 0.19761259344851503 0.04035786093064848 0.0025220969884832394 0.040616817999364986 0.10073429314521926 0.0179420420620049 0.20695591123581056 0.04554060486393648 0.0720835484100525 0.15972070657063356 0.03952892721857006 0.12879551127151348 2.347944146994784E-5 3.11445569823785E-7 
0.17429087753037265 0.15000827733925923 0.09620060140897262 0.06453829514257353 0.007062688437744256 0.03194327447300684 0.15105490810198344 0.017225619310547866 0.04344558885764999 0.21435694522926407 0.17206650697490303 0.04196322489528275 1.6867848879031507E-5 0.01935975781155256 1.0949148975013864E-7 
0.2577141690867828 0.14851447328819306 0.2501103484343304 0.0922562494264359 0.011441391807868956 0.09184051737720958 0.030584142573943516 0.10808411421331436 0.004063558893131927 0.041286581119021046 8.703578583475177E-6 1.9369326415880538E-5 0.013369783990913351 8.755807785809852E-4 1.3400917145579968E-10 
0.21188887357716935 0.19661172520455014 0.016689588976230914 0.03556685922700315 0.05432898573717178 0.03100491376284016 0.03954216848977468 0.036782662420311245 0.2430313752384439 0.048167814697341355 1.2285759355128908E-6 0.06726709870097052 0.03538123170186407 0.1556088626309259 1.4788854808768428E-6 
0.13444568638678878 0.10526804467350082 0.08199824774122684 0.2175046966574465 0.07433361108454231 0.06734633126598794 0.06926231697568287 0.061349744879667684 0.013944768484223592 3.465647597381007E-5 0.16957617591041974 0.039683105899470106 0.061073794521925295 0.038380982785376494 2.0775684523427745E-6 
0.13823275715712738 0.021484389112499093 0.021932213389900587 0.03309144713195976 0.0578577411181435 0.13947655314528193 9.529508515344951E-7 0.0686551354396268 0.11413697286511698 0.23208513822586768 0.25687795568003324 0.21234470568804797 0.1891390745819649 0.13845829391568062 8.417479128270625E-10 
0.12258420441335183 0.23956828941427705 0.061701149941777604 0.024281746538876662 0.024792792091271363 4.308465167839125E-6 0.0963533357191519 0.19633822010457697 0.023567890091806598 0.06512648020029373 0.1044692699264403 0.1982199964125497 0.08364839954906875 0.028981397545150143 3.812928873515604E-8 
0.5360669391692107 0.08066568064814919 0.07035517342858903 0.005043095145680581 4.335616230957375E-6 0.05204793820737799 0.021325840647110707 0.002768790243841425 0.38536692461557276 0.07516546479895647 0.02861256255247893 0.0035994746352148686 1.1806401847350291E-7 0.0 1.016530748437338E-5 
0.03314400649177587 0.0010275568938528025 5.56119076272699E-4 1.778907792404866E-4 0.28416191838349913 0.08260440157980999 0.020661939342903706 0.10266403752507608 0.4543985253104373 0.05294292111411271 0.2327950649082528 0.33382199002715923 1.3730584119643168 0.13789036179502182 3.6005282357475486E-9 
0.30639536426832775 0.3149619184294599 2.4273685195478494E-5 0.12182846876694321 0.03865851965970871 0.003984286832498736 0.016951609676315735 0.12120284843896725 0.01583966912605533 0.017882373280305904 0.038021007225783825 0.042149782044844014 0.00210210385260401 0.041826368674994945 6.019173054677262E-9 
0.0 0.0 0.6776845786743848 0.0013511962737360426 0.04228572574596889 0.0038510124889281094 0.0559429582414374 0.33567137142879067 0.09477558119492008 0.10181877623942702 0.2552540720665201 0.29594093603438953 0.11832847405762256 0.6879085078740872 4.620684392986178E-7 
0.0 0.5012484280907484 0.09785330319072787 0.0018706226190280113 0.014391666189130051 0.22628678955796375 0.08439838596156198 0.13492235325788693 0.22587735133823944 0.07948104929568092 0.0042689280642677 0.10381361800110037 0.39890897807952763 4.246438473628393E-7 1.0712272337080365E-10 
0.16722417446570195 0.004741831397928745 0.025932853971308303 0.05400598349167177 0.05860265281026792 0.05971635580898705 0.13678621558324425 0.09033968480724475 0.06402695289481007 0.11226274476053749 0.16524069004732272 0.1557388085289367 0.15555802018088014 0.13063408946551758 0.007480756110306835 
0.1582023714879023 0.15311629237216712 0.00690703283653006 0.08210474132084035 0.06763627672924548 0.09801810741544338 0.05454359736678477 0.055775683823762745 0.06749812304006778 0.04554630360484365 0.04691731965277322 0.06602637018108111 0.04898329215584898 0.12364900823094699 0.015373608900455353 
0.11458557564642977 0.06811506078265822 0.10745106568764648 0.006141375284658313 0.10577648825112072 0.1090003395563718 0.10676611508912341 0.14082174218980864 0.1390344179643994 0.03553726278357473 0.15864929978518194 0.04193622507684165 0.036393346163696064 0.019354328765064634 0.0405247746602708 
0.13134434328162148 0.12942232011039248 0.10672682731805878 0.08440841801905052 0.00922674393144903 0.07892690793066151 0.0738608289533528 0.07845374131770719 0.039483571004969034 0.06894687658021427 0.09340281420385521 0.02605444069991047 0.10195366422717266 0.03575881332360429 0.015521674691538565 
0.15663154000536147 0.17353460741520704 0.11294073907212057 0.09173482820826662 0.04228742317300343 0.010121912694576945 0.050765509596432626 0.05786163416026093 0.06045099309912489 0.019059890132412254 0.053774366124198676 0.03984981308736047 0.0540016590478384 0.06256887869606235 0.012725094313628931 
0.15421944094141238 0.15635110786920464 0.11367476635350147 0.10770147625722745 0.11190263846291977 0.018416006653506928 0.007808927291090672 0.050723318277727546 0.07697405306593884 0.050176421283248826 0.01486266357419233 0.046739968008714355 0.04782650319636477 0.05490938546551898 0.0013348957982800731 
0.1610368904838618 0.14706348262237418 0.15940709215779117 0.10977984836208421 0.0885543315412359 0.020665623503362023 0.01772591720791757 0.010010544922702353 0.01326524405418602 0.06280770012268178 0.015476090420325172 0.08832624655371485 0.07765747711747018 0.06502016755251225 7.866721180597395E-4 
0.16063346562572894 0.07197348140347713 0.15186563787146534 0.012790835308183798 0.08889867560840241 0.07538085181894075 0.1377295992528308 0.03855761367020308 0.003185399739370029 0.05439914194374304 0.15639981308203305 0.07097833249130146 0.04237908602546055 0.04224247313001975 0.024941193895571673 
0.13223637186231765 0.09611461526606692 0.10021873917950547 0.13287064122779 0.10703463135854797 0.07719277420696469 0.07393591747935989 0.04093765554042449 0.07683729366369708 0.005632136140333963 0.05304803111537986 0.025187307163893547 0.05243768475484383 0.03895963978154317 0.03959024313942475 
0.18104921508695507 0.1315937166699054 0.18383522262966057 0.12405608395637033 2.902182660631876E-4 0.08328825795446061 0.07421055741959895 0.08649960130575057 0.05559604232195097 0.014883095198844625 0.028505512420441224 0.003311199841697739 0.01612652053683255 0.039397873379078005 0.013429882040639409 
0.13115697067094065 0.1325076665864004 0.11333166005021354 0.10141042299349333 0.08445406612942208 0.029091451126651274 0.0413191987688772 0.0776484497526565 0.0795688134902437 0.06467511229080687 0.053102515180363234 0.04843182136693153 0.007946558638332483 0.06470463729324524 9.938135425708976E-4 
0.12359543052392415 0.08852065018396796 0.11478653257815753 0.07273102292126664 0.10069049504084158 0.1355735780438681 0.05760129447768501 0.0380685734910422 0.0852480201232793 0.06531413866069856 0.05179228361381548 0.08610872273111247 0.05234979687180443 3.808304668152712E-4 0.012160504017246134 
0.12302422043352343 0.11290043189181126 0.1018520940407488 0.09143998268754398 0.10716994579478886 0.08960760406933066 0.04233493534900081 0.09952901439153476 0.10878094416990905 0.014390209594892463 0.021558744267615938 0.024044031291934907 0.04848563316647107 0.06456402878734632 0.004429434445241895 
0.0 0.0 0.0 0.0 4.953668824502466 0.006029065156521 0.07735312187883968 0.016295818567769446 0.12689695685549907 0.019081816296893015 0.07145489232119347 0.05335988644761165 0.0021525429081220883 0.015162735608787555 0.09119068177295402 
0.0 0.0 0.0 0.0 0.0 0.0 0.0 10.160101063337912 0.024952470502653163 0.1508156803473962 0.004301590691891648 0.0928586114966386 0.0077636164870858995 0.0131461732051823 0.2490754055487035 
0.0 0.0 0.0 0.0 0.0 0.0 0.0 0.0 13.74993157536046 0.017517328416205572 0.045493688083165666 0.053963127728863414 0.03748332413983724 0.006443348568907047 4.683717028702723E-16 
0.0 0.0 0.0 0.0 0.0 0.0 0.0 0.0 0.0 0.0 18.152119002837136 0.03463788904962921 0.08353142657989754 0.009789013386063559 0.010532042604847 
0.0 0.0 0.0 0.0 0.0 0.0 0.0 0.0 0.0 0.0 0.0 0.0 24.389341168067062 0.022993979532051036 0.013205081162676376 
0.0 0.0 0.0 0.0 0.0 0.0 0.0 0.0 0.0 0.0 0.0 0.0 0.0 0.0 30.0 
1.611795068275774 0.0027792477035104295 0.0021594383424269207 0.01450091008132041 0.002665688560850526 1.6427391898333644E-8 0.003227284497188864 0.004332483901472659 1.2106870294329529E-4 3.8598999615739534E-4 1.3916207425693187E-7 1.7229790922897208E-7 3.2068003986340553E-7 2.093303790647741E-8 3.03155894999926E-9 
0.0 0.0 0.0 0.0 9.471166475674856 2.6905367684041204E-5 0.0031970401340281106 1.9382400891291875E-5 0.004107905680904433 2.697011589251218E-4 4.958079223204483E-7 1.9452615572482603E-6 1.3948567634402925E-9 6.6164816923079585E-6 1.1370818601475798E-7 
0.0 0.0 0.0 0.0 0.0 11.853642417187972 7.430528993649973E-11 7.962603633673072E-5 1.331518301528789E-4 5.7086498180997555E-5 4.1348065308542345E-5 2.720804790591335E-6 1.7042159783298632E-7 3.634612510593888E-8 2.014051570377144E-8 
0.0 0.0 0.0 0.0 0.0 0.0 0.0 15.551813254188726 0.004172733826902487 4.048358199909122E-5 7.797437270642909E-7 1.2306610248494333E-10 7.68202451233336E-5 5.5084267124048E-6 2.3089011148380405E-6 
0.0 0.0 0.0 0.0 0.0 0.0 13.923258843554265 1.4320347017540007E-5 4.390447955141642E-6 2.0948409509892116E-6 3.3247819915529244E-6 3.490476465555767E-6 2.8092850038377206E-5 4.144506797656072E-7 2.3017630854712395E-8 
0.0 0.0 0.0 0.0 0.0 0.0 0.0 0.0 0.0 0.0 21.99458604151855 3.319686336630152E-8 2.751200580550502E-7 4.555577415684262E-9 3.4331590711587576E-11 
0.0 0.0 0.0 0.0 0.0 0.0 0.0 0.0 0.0 0.0 0.0 0.0 0.0 27.9999998036118 -3.856473916229345E-15 
0.0 0.0 0.0 0.0 0.0 0.0 0.0 0.0 17.99312840008939 6.518728320598949E-7 4.751274551973574E-11 5.29604617884558E-10 5.523990516322939E-9 5.183621087348057E-8 6.075916920061713E-11 
0.0 0.0 0.0 7.36931212038341 0.008831890301505592 4.66967762148312E-8 0.002024566244886525 4.269998377452057E-5 4.1850875580829744E-5 5.185061660154885E-4 1.373149013225733E-9 2.839595288524696E-4 2.0181398256138324E-4 2.4476994458013794E-7 5.937437027632312E-9 
0.0 0.0 0.0 0.0 0.0 0.0 0.0 0.0 0.0 0.0 0.0 23.999999999999993 0.0 0.0 4.683717028702723E-16 
0.0 3.538091693006989 0.002250768809078177 0.008309188987955803 6.068753793526069E-4 1.1990431096171322E-4 0.003460434627346327 7.82300131972795E-5 2.3323671685079095E-5 1.8407863680641296E-6 4.2194604328345846E-5 1.7692902833362995E-7 2.8002856762970286E-7 2.4807982373741913E-8 6.2123704516411655E-15 
0.0 0.0 0.0 0.0 0.0 0.0 12.683692237120747 1.3045428253553928E-5 2.7019042559180797E-6 0.08089904150672739 3.1607522128387826E-6 3.4919917688642955E-6 2.810504584861378E-5 3.2951417222186187E-12 -4.583859811817474E-15 
0.0 0.0 5.203376312330057 0.014438300867681607 5.167699076594217E-4 1.6762311324733967E-4 0.0019443142823872051 0.00354776447734112 9.516264266664848E-5 1.9993436686664448E-6 1.0096465105483819E-7 0.003792596764672818 5.486326932807492E-6 0.0 6.059808971541764E-7 
0.0 0.0 0.0 0.0 0.0 0.0 0.0 0.0 0.0 19.99940781892787 2.2055068788517543E-11 2.0469396169306557E-9 0.0 0.0 4.4118913336305566E-12 
0.0 0.0 0.0 0.0 0.0 0.0 0.0 0.0 0.0 0.0 0.0 0.0 25.999998167208798 0.0 -1.6658008682798677E-15 
0.24754446397071314 0.009276035638685428 5.98281221392847E-4 0.0032791035453271283 0.0030577136056009614 0.0015398763217387328 0.034361226175455443 7.761782139895056E-4 0.001788389018787806 0.00595529005990626 0.014329541997522916 0.020854374128590873 0.027706079479541394 0.004419753858484906 13.78963277906036 
0.06961345310946312 0.06961345310946312 0.06961345310946312 0.06961345310946312 0.06961345310946312 0.06961345310946312 0.06961345310946312 0.06961345310946312 0.06961345310946312 0.06961345310946312 0.06961345310946312 0.06961345310946312 0.06961345310946312 17.662765821041106 6.4144968806365155 
0.0 0.0 0.0 0.0 0.0 0.0 0.0 0.0 0.0 0.0 0.0 11.193269025903755 2.606995164591887 0.024264685139380574 0.740084579135072 
0.0 0.0 0.9495569957713855 0.0482127262739057 0.04528044730895718 0.18059756688070622 0.09828303866811303 0.37680396322642357 0.12852932908069115 0.1093226519471614 0.04398012341776211 0.03934754752842056 8.611319269255731E-5 0.001763423467732059 0.5158498607076247 
0.0 0.0 0.0 0.0 0.0 8.07794953360019 1.8304599006969617E-6 0.8406626716869307 6.622121008014232E-5 4.156161670295412E-5 4.1337443321442985E-5 3.569100456479708E-6 3.0349608815866796E-6 1.613077013707057E-7 3.1248557716835167E-12 
0.0 0.0 0.0 0.0 0.0 0.0 0.0 0.0 0.0 6.906042219487629 0.023243678214012076 1.3833777562804666 0.05173351918920939 0.2478711286338798 4.241327819881454 
0.0 0.0 2.2202308040296708 0.09753862332241575 0.13242709407239991 0.04471871242971684 4.2349676199139745E-6 0.04634101038445017 0.0027034788049219356 0.052730185386160026 0.0029618159986059905 0.027844242477132443 0.024959713938350725 0.0413502318375153 0.016539548703466966 
0.07950017983868188 0.07950017983868188 0.07950017983868188 0.07950017983868188 0.07950017983868188 0.07950017983868188 0.07950017983868188 0.07950017983868188 0.07950017983868188 0.07950017983868188 10.594948685249879 0.07950118081308485 0.07950019420495989 2.5750298038218133 2.477510626380042 
1.4369892345466222 0.024320427390785222 0.002298318047081318 0.013961866282322233 5.025153319673203E-4 1.6299939905633335E-4 0.003107075025358101 0.0034963775616809935 9.384859101782871E-5 1.9538468974817136E-6 9.866711426875274E-8 0.0040316667957715985 5.365617518433646E-6 0.0 0.014871256799362294 
0.0 0.0 0.0 0.0 0.0 0.0 0.0 0.0 0.0 0.0 0.0 9.668120173833731 4.430429618592727 0.017405868794035714 0.01229890680618408 
0.0 0.0 0.0 1.2226532542510657 4.8280786229477446E-4 0.056310119337580886 0.04300651243089289 0.0051898011013082465 0.025518301090374913 0.08282658881193115 0.09874161211383628 3.531034787359172 0.2005201242514615 4.0860691649566916E-7 1.0646076554501026E-8 
1.0685651265887912 0.01565676363088564 0.001528100321615383 0.005661754083672714 4.136059879579915E-4 1.1180205323970652E-4 3.9717529929651764E-8 5.217167227731611E-5 0.11459003558383377 2.1395788092220403E-6 3.171459119929389E-5 0.0016923635476306957 0.15447423234724109 0.21383197668862425 7.774969809816326E-10 
0.07947276654393175 0.07947276654393175 0.07947276654393175 0.07947276654393175 0.07947276654393175 0.07947276654393175 0.07947276654393175 0.07947276654393175 0.07947276654393175 0.07947276654393175 0.07947276654393175 0.07947276654393175 14.541862633656601 2.9740685728567358 0.07947524183920761 
0.0 0.0 0.0 0.0 0.0 10.596159515692694 0.011492131459733324 0.01519152812160409 4.994957674633734E-4 2.6307860601743E-5 1.8752603496684374E-5 3.6363296784365486E-5 0.0 0.007631655237119616 4.683717028702723E-16 
0.0 0.0 0.0 0.0 0.0 0.0 0.0 0.0 0.0 0.0 0.0 16.398495496732846 0.3964600819215677 0.029178360604870873 1.4659255566405416 
0.0654629000081181 0.0654629000081181 0.0654629000081181 0.0654629000081181 0.0654629000081181 2.5223917429772866 0.06614115711952902 0.06630876601600119 0.06646584227615308 0.06690617608929705 0.07518704828642375 4.872399340320716 0.32082659695651455 0.15477600323359303 0.1551970321686097 
0.0 0.0 0.0 0.0 2.3605866974918004 4.3890962641018735E-6 4.569520192258269E-7 0.0012929199246036473 0.0340495782942624 3.8679583142778053 0.1608265498971647 1.0833440537830962E-5 0.10321249187557839 6.341697589357619E-7 3.1892150492750584E-9 
0.0 0.0 0.4048215393295118 0.02829006669300395 0.13404145724752234 0.041064067475457364 0.03296606763566215 0.010491578117947615 0.08731795581528795 1.5231487229200829 0.17534613975286117 0.18321712389317513 0.0019896371218946778 0.364335235830291 0.03958650474503892 
0.0 0.0 0.0 0.0 7.099510528871228 2.016804811177091E-5 0.002500605523781176 0.19578698865342775 0.0036916719438565074 2.4237367626470105E-4 0.11223071048775583 1.944118029341008E-6 4.646860262810711E-6 6.6164816923079585E-6 1.1370818601475798E-7 
0.07537250496744141 0.07537250496744141 0.07537250496744141 0.07537250496744141 0.07537250496744141 0.07537250496744141 0.07537250496744141 0.07537250496744141 0.07537250496744141 0.07537250496744141 0.07537250496744141 0.07537250496744141 19.29719287839336 0.2879315858958728 2.718061840404614 
0.0 0.0 0.0 0.0 0.0 0.0 0.0 2.8824688070809956 0.004199094906516719 0.05793132051837352 0.05120912384191944 0.014925625976549317 7.978349926140394 1.0332525877635108E-6 6.8338451100790655E-9 
0.0 0.0 0.0 0.0 8.472614655048789 2.5830755865904337E-5 0.0028601976942501973 1.7340257242394236E-5 0.003722583138312996 0.05271255901734782 8.590458176316485E-7 1.8701397477733237E-6 8.867662099369065E-9 0.021147573688549293 7.843994221246996E-7 
0.0 0.0 0.0 0.0 0.0 0.0 0.0 0.0 0.0 4.589900197072089 3.9901908081822053 6.275454734954794E-5 0.2938946699876756 0.14833671478268726 0.2803716131960805 
0.3331055748966178 0.012538853417926253 0.0015407709951363716 0.020649151535223953 0.06009864356790555 0.08921770223287569 0.041515451257769176 0.028400928731533704 0.003835120031136331 8.619603972242594E-6 3.67486448628989E-7 6.560631948427219E-5 0.06292379639227613 0.008063087597632737 8.332887449103085 
0.0 0.0 0.0 0.0 0.0 0.0 0.0 6.603368370718156 0.07063043114964822 4.79144991340151E-4 0.0494868283883491 6.098331558151018E-6 2.7223080508067427E-5 3.3071367923233828 -3.856473916229345E-15 
0.0 0.0 0.0 0.0 0.0 0.0 0.0 0.0 0.0 0.0 0.0 0.0 0.0 21.12190515086249 5.664935795095183 
0.09255839236042437 0.09255839236042437 0.09255839236042437 1.8670613859247476 0.14643939050883764 0.11388497978272259 0.17222217808319254 0.10324124129897491 0.17019677216627455 0.17676745349193307 0.2324620058978886 0.09256222031348471 0.44458256175595057 0.779612223924968 0.11185809319094475 
0.0 0.0 0.0 0.0 1.439356286166551 0.031623433238807445 0.007801202097442911 1.4737070511454978E-5 3.469599916116527 0.04191310112327277 0.04980303384845467 0.395138171722078 0.0024092606701587083 0.029958949804498237 2.8610725096858084E-10 
0.0 0.0 4.635860018602114 0.011219522624756369 9.210865119297245E-5 3.870032604642299E-4 0.001720669155468661 0.08964384111175307 0.008279877206877175 1.2629202973041431E-6 9.466428926246023E-6 0.00392059822878569 5.806377003052498E-6 0.0 5.69562717658346E-7 
0.0 0.0 2.9003006689922186 0.00701919144318043 2.8681822259824625E-4 0.075129482878031 0.0012480493904382566 0.0026562016833151124 0.0018995346983129151 1.3100220989485169E-6 0.5985648039495126 0.0034259062133843816 5.073741784087588E-6 3.3571378492558974E-7 1.8865622922073382 
0.0 0.0 0.0 0.0 0.0 0.0 0.0 13.03645006030725 0.03414659018662949 3.068665687404901E-5 7.635306573181983E-5 0.1624295357479302 1.3766616915995307E-4 1.668624868121497E-4 2.436449688038734E-6 
0.0 3.1756256080466034 0.029619207005317526 0.012236499887452148 4.0692580366872346E-4 2.8678854278854696E-5 0.003395266713963187 7.673967805081937E-5 0.004302471180876052 6.652028033541513E-7 1.2996502591095784E-6 1.768380172524551E-7 9.983742346222685E-9 6.387292237964536E-6 6.2123704516411655E-15 
0.0 1.0373109889084833 0.11503207808677825 0.015489254577861508 0.04839912648714816 0.04946904111695329 0.0020292937804344377 2.3659613510544338E-4 0.09320745559468246 0.118703475080545 0.02045460467968625 0.05207676091445142 0.10040005919942047 0.004624945930755067 0.16421095554953383 
0.41231630318566476 0.0017703975250122847 0.009604464001808232 0.01576592125473161 0.010065686562215499 0.08158362372905566 0.01982541107911314 0.2657257283248739 0.7257605793671007 2.2991087878005566E-6 0.015769085055161974 0.2025053422340349 1.1726051232908934E-6 0.0066305128245360825 0.011836401806942162 
0.3284056931753863 0.0014101034130970108 0.0075349075531249785 0.012546050915093927 0.008121235007027907 3.239741516575514E-8 0.015870999441391795 3.7024817989646824E-6 4.9823053273482305 1.0084034909516635E-5 0.018479363389942556 1.677680106524883E-5 1.94767911139165E-4 1.2479594277261909E-5 0.011836401806942162 
0.0 0.0 0.0 0.0 0.0 0.0 0.0 0.0 0.0 10.328932057900186 0.16331031993675144 0.9305067774309764 0.001757000886276853 0.010773620936015959 0.9083447855770311 
0.0 0.0 0.0 6.183712133274736 0.0072077514580004606 2.7466018906426396E-8 0.0016977964364784236 3.2791781844931406E-5 0.017811667684725516 4.556236906190586E-4 4.368271465901258E-5 2.7368416236594773E-4 1.7775599050448394E-4 2.1559122610018548E-7 1.6349197387106318 
0.19969801343444596 0.009550338033485565 6.508522684576197E-4 0.012059947011540778 0.0018772231035464617 0.0063763535546894805 0.01196678139536936 0.10098228868161639 0.009666058145235645 0.012464623638238123 0.0015081284431869807 0.038931235134914144 7.183576798590652E-6 0.09965227315042502 12.174003153129739 
0.0 2.7398822068972715 0.0014473494770145476 0.0067470541813461305 4.6931537041156144E-4 0.05999913003928495 0.003150055316825251 0.06932006788553281 0.004119331058806604 1.2775273545549455E-6 0.009275978224594089 1.7683199456090025E-7 4.194098033009969E-6 2.6061355439472247E-7 5.3768255513643275E-11 
0.06799163891865882 0.06799163891865882 0.06799163891865882 0.06799163891865882 0.06799163891865882 0.06799163891865882 0.06799163891865882 0.06799163891865882 0.06799163891865882 0.06799163891865882 0.06799163891865882 0.06799163891865882 11.549952558983234 4.837938697534233 0.06799164211589197 
0.0 0.0 0.0 0.0 0.0 0.0 0.0 0.0 0.0 0.0 6.83708589808239 1.1348563197675117 0.5727548941597219 0.1443888812463187 4.750924377169094 
0.0 0.0 0.0 5.341203424262911 0.06355000981646478 4.265969331101505E-5 0.0015785424769102195 4.9650037128159136E-5 0.0026441021010932837 7.009409630331067E-4 0.051872462549516586 0.16297562680423253 1.9928509368410453E-4 0.0012655629904386567 1.5275620978100028E-8 
0.0 0.0 0.0 3.5318440845960644 0.014226419992092981 0.04083273443708354 0.04162982621820187 0.045786205180572366 0.0238189881792434 0.05785827870926171 0.04876055354466836 0.03258813007315109 0.017097983883200402 0.051858439695496375 0.022884611323078646 
0.2354462785786758 0.06307378329399019 0.10549883342957862 0.01019121324398739 1.6158244840856786E-4 1.519056592692131 8.639883596937779E-7 2.0099025654813358E-4 0.0035495405057527495 2.565764965245336E-5 0.16239838719979027 6.584823777479053E-6 5.335125904768233E-6 0.20020198636591868 6.288733062104635E-6 
0.0 0.0 3.341440294443296 0.009271810725709949 3.3196261301630763E-4 4.523471303183391E-5 0.07704733945378044 0.04635503971568078 0.04510306576339568 4.287786633593823E-5 8.456195942275642E-8 0.0031764524550968757 4.595019649204356E-6 0.372217089856577 3.5786675366730313E-7 
0.06799163891865882 0.06799163891865882 0.06799163891865882 0.06799163891865882 0.06799163891865882 0.06799163891865882 0.06799163891865882 0.06799163891865882 0.06799163891865882 0.06799163891865882 0.06799163891865882 0.06799163891865882 11.03042048168825 4.622109666134281 0.18226976135155976 
0.0 0.0 0.0 0.0 0.0 0.0 0.0 0.0 16.87948315912892 1.7788155086609263E-7 2.0493006782202503E-6 2.8336446275370988E-11 1.1152673431748935E-7 0.05229732433114932 1.9887784095506521E-7 
0.0 0.0 0.0 0.0 0.0 0.0 0.0 0.0 10.879491017012295 0.16017382532543775 0.27625768972436376 2.430888209108281E-5 0.18695234539251868 0.006943495773675835 1.934105765040049E-6 
0.0 0.0 0.0 0.0 0.0 0.0 0.0 0.0 0.0 0.0 0.0 0.0 0.0 22.8888647593608 3.9885114510724238 
0.0 0.0 0.0 0.0 0.0 0.0 7.633352537712156 0.17350579017252254 0.00544207695058686 0.10464329834533001 0.10272720560246869 0.0362735583791656 0.04138053342336477 0.009875020423153783 4.9450162243811196E-8 
0.0 0.0 0.0 0.0 0.0 4.457365390178963 5.770356433716523E-4 0.04110671582635002 0.0017240958355790436 1.3061162132306454E-5 0.07402611647718049 0.2213192575977239 1.1404775406877616 0.2044842961971777 0.0025092148765577804 
0.0 0.0 0.0 0.0 0.0 0.0 9.516193573349552 0.11768628804674794 8.302445341813505E-5 0.06126002777234234 0.03633344036450135 6.335248478761417E-6 0.014822221261255406 0.025756055417659827 3.0436775514325505E-4 
0.0 0.0 0.0 0.0 0.0 0.0 0.0 0.0 6.771193689201513 0.09968922199787907 0.23764248193061324 0.22098853993619186 0.141767651891401 0.23966544947011661 1.8895396186320053 
0.09502423827841751 0.5959496792889062 0.19296299307252512 0.18268281499285827 0.09579992985585649 0.12916081443830243 0.09740935424874199 0.1662044654198146 0.19008786576675185 0.21381008998564494 0.3185896414712977 0.4753653501328063 0.1728889721100988 0.0953822863967558 0.8188360449394443 
0.0 0.0 0.0 6.808283190317744 0.050409279752187654 5.282623919589511E-5 0.0019557080891705256 5.4929974603181465E-5 6.049989376788369E-5 8.212048041738664E-4 1.0298802035510075E-5 1.043471594886136E-4 1.9922116638776503E-4 0.0013433129723470988 2.2140579199940533E-8 
0.0 0.0 0.0 0.0 0.0 0.0 11.249189282712457 1.1570013601306533E-5 2.3963237068805183E-6 0.3746374600284617 3.1607522128387826E-6 3.4919917688642955E-6 2.810504584861378E-5 3.2951417222186187E-12 -4.583859811817474E-15 
0.0 0.0 0.0 0.0 0.0 0.0 0.0 0.0 0.0 0.0 0.0 6.96716145998817 7.24898655205647 0.011346390100966813 1.049739926738515E-9 
0.0 0.0 0.0 4.693257840913596 0.03423348710452575 5.292809582194746E-8 0.04828226585264829 0.03679372463961524 0.012013882771173694 0.04046956917971219 0.015198113696395092 0.0027019186416021874 0.017622693465894502 0.004684096448605202 0.008872873610989568 
0.0 2.43113140995188 0.004393044920580931 0.023564385351209312 0.006886658024302314 0.003891373530850867 2.9830824490246425E-4 9.602352312598037E-5 2.5609235504391252E-5 0.12664562155386525 0.006647213250722731 4.7257165466970454E-4 9.835131300129244E-4 0.09937905292545841 4.3036906684843293E-4 
0.0 0.0 0.0 0.0 5.974445137914853 8.04106485872151E-4 0.02717250284628228 0.041188617576066566 0.006053987245940984 0.04599236623812681 0.05567201902344 0.06926481938558893 0.0024092606701587083 0.029958949804498237 2.8610725096858084E-10 
0.07780282820812141 0.07780282820812141 0.07780282820812141 0.07780282820812141 0.07780282820812141 0.07780282820812141 0.07780282820812141 0.07780282820812141 0.07780282820812141 0.07780282820812141 0.07780282820812141 19.701788386338002 0.185128470518064 0.0778038005548674 1.0124632731199514 
0.0 0.0 0.0 0.0 0.0 6.937217512101537 7.131256524118719E-6 0.0026879305625842256 0.002595019850601483 0.9146018398476586 0.0 0.0 0.0073600981798151634 0.0 0.7895241305251426 
0.0330672851328787 0.007724408082434349 0.0029911153217688793 0.010931974876320192 0.0016090619831444532 0.050664661253989794 0.039205888907208115 0.05349872951959382 2.234260131066515 0.15674551651496763 0.16173505592406537 0.09601909788465313 0.30897349034545635 0.2922551270005713 0.10708298825662393 
0.0 1.3727289018043454 0.0026915125883961205 0.003295519179871721 0.06705155503894933 9.644633355258089E-5 4.5426356166402004E-7 1.5677119568113768E-4 0.27197226289439264 0.022912278463677396 0.05833797295027122 0.046710756230094 2.0972094764700098E-7 0.11502396775721316 3.4669549356000697 
0.0 0.0 0.0 0.0 0.0 0.0 4.910178365499928 0.01983735251478476 0.04644100944314132 0.06851489816745986 0.006968165627530436 0.2995659971330467 0.08528891217210935 0.36202427523663816 3.0185736406604895 
0.0 0.0 3.9687855169574444 0.010049457074323913 0.0013658957041722535 0.0 0.029867552729946283 0.007377712266838274 0.0397587964130698 0.03693731148109092 0.016393235301859384 0.012885759857514546 5.422828187748017E-5 0.0 1.879470252065833E-4 
0.0 1.900380738928222 0.007965146954692035 0.015017933443215255 0.017430934650467845 0.0029323332875018275 0.021669937456146843 0.023564134859746195 0.024060410594088522 0.01965052385098691 0.022290067731325854 0.024442841305345155 0.06499807828355676 0.018590285685543082 0.004184772344285846 
0.0 0.0 0.0 2.725509230004836 0.02183937516816015 0.07915674348681409 0.10099401282065729 1.1680557691439696E-4 0.0455911352463667 0.0772971860305521 0.1080782848484184 0.11905533383801598 0.12002006643182052 2.0051604722536856E-4 0.11991009880192405 
0.0 0.0 0.0 0.0 0.0 0.0 0.0 0.0 0.0 0.0 0.0 18.42301908446775 0.2615007301012599 0.06076030768450993 0.04608443742532695 
0.06509535089051917 4.8632265989784196E-4 0.005759395687984714 5.342364336704814E-4 0.6192425550980175 0.007267464641559329 0.07765823289747228 0.30935983547212254 0.4114822990285217 0.7024417708307846 0.003314988616305065 0.004521977445684421 0.21012787005482264 0.004669962284137998 0.5027712778568004 
0.0 0.0 0.0 0.0 0.0 5.752233804575507 0.043953450165187716 0.09073230548214715 0.002676713787073201 0.003046119658156337 0.31195193021354395 0.1851994427217508 0.0 0.0458183589946836 0.022337422023839572 
0.0 0.0 0.0 0.0 0.0 0.0 8.347146690750069 0.0029480297922920766 0.2801981261174456 0.03658167003096616 1.7106705497729747E-5 0.02790659832454009 0.21532671788521726 3.30183031064048E-5 1.6042369899098297E-4 
0.0 0.0 0.0 0.0 0.0 0.0 0.0 0.0 0.0 11.006508886740834 0.09559456075161281 8.965899833478644E-6 0.04083496355576096 0.29150238434153225 4.619012156788603 
0.0 0.0 0.0 0.0 0.0 0.0 0.0 7.336471160122028 0.0037593071460883263 0.2983294756027395 0.02439236447826975 0.06972791479567302 0.16802690681205307 0.29532163468134426 0.13880898160764588 
0.0 0.0 2.762798394348839 0.006829072307959848 0.012986333844563809 0.02340652845062269 0.0012320661579020788 0.11718125234938578 0.043880057527426145 0.036944591289608204 0.031092407045496352 0.04672814596448112 0.027118866625376284 0.021592704565956956 0.0013544527926780386 
0.0 1.6594110679927851 0.022056832578042942 0.0259651012070218 0.017076874779072923 0.034038929958030435 0.027456376580245963 0.0243106872058752 0.023397975193497705 0.020366102468691003 0.022973682566826865 0.028819523138611646 0.025983298483254626 0.012242268334272648 0.0049374899819015425 
0.0 0.0 0.0 0.0 4.622699726034523 0.02749560997420322 0.021670771758995972 0.03846819325961469 0.07377680575722771 0.03642127591950858 0.04745077834806676 0.04862181815407408 0.06320352961083446 0.0419950448860685 0.03537421701617041 
0.0 0.0 0.0 0.0 0.0 3.4254731690994498 0.032493709277399516 0.12872173672617532 0.09219415019480322 0.22718510750941817 0.05977525710522307 0.1206673035332563 0.7704771157698533 9.196771238472282E-8 0.026293125183562867 
0.05835212115609106 0.05835212115609106 0.05835212115609106 0.05835212115609106 0.05835212115609106 0.05835212115609106 10.677204746691416 0.1142667824089802 0.061735589165288624 0.05835212115609106 0.0753157561627735 0.09005649726469651 0.05835212115609106 0.0737950975088055 0.08506607671508162 
0.0 0.0 0.0 0.0 0.0 0.0 0.0 0.0 7.571179556982029 0.016394523994106524 0.07501892337044486 0.5951822028556655 0.5241013814610829 0.1938570747530949 3.275309097921283E-4 
0.0 0.0 0.0 0.0 0.0 0.0 0.0 0.0 0.0 18.55199406676633 0.007033117650864453 0.0 0.007298545454726848 0.0074024342637436175 3.1120409575290282E-6 
0.0 0.0 3.9001594508632547 0.009439009595529659 3.8569683947114645E-4 1.2989871600258324E-4 0.0014513105957449 0.0030923355700833853 0.18636402925634343 1.7620477463219983E-6 1.2738538725925841E-7 0.0034563972698193435 1.3185127122121823E-5 0.19561539160290722 5.69562717658346E-7 
0.05835212115609106 0.05835212115609106 0.05835212115609106 0.05835212115609106 0.05835212115609106 0.05835212115609106 0.05835212115609106 11.273971324572921 0.07171898364286267 0.05957284966352907 0.132381619569083 0.07964432845497767 0.12238847341199971 0.13931191750053298 0.05835212115609152 
0.0 0.0 0.0 0.0 3.7215230510174613 0.10836393412672508 0.0015915869984983288 0.08545661443068994 0.039708841165694835 0.0787988700690284 0.1236542079789492 0.04664749847618956 0.006246427470969494 0.3046903176433206 0.0012721057091083596 
0.9176010992397654 0.007338339308917747 0.009210262288244177 0.0020566222491098284 0.01751948434895783 0.03580625975950147 0.01794164775773637 0.02494994270257562 0.020448723193760995 0.020488851685117444 0.016901448383089792 0.014276425717480565 0.02011121254299782 0.01995282152334547 0.0013541711296076193 
0.0 0.0 0.0 0.0 0.0 0.0 0.0 0.0 12.132463347546851 0.007206273682420908 0.017727698597441985 3.0452603453893486E-5 0.16545673874853442 0.11580894982460273 0.5319128600691372 
0.0 0.0 0.0 0.0 0.0 0.0 0.0 0.0 0.0 0.0 0.0 6.757477241568579 7.030820504343738 0.011004908286045724 0.034407094029391856 
0.06412701254958021 0.06412701254958021 0.06412701254958021 0.06412701254958021 3.518904892481678 0.06414558925419053 0.14821337842788876 0.10730235249967397 0.28132211316390954 0.06590231861724134 0.16831721406040176 0.5757905663440901 0.2541557105158946 0.06412701254958021 0.06727789483243472 
0.0 0.0 0.0 0.0 0.0 0.0 0.0 0.0 0.0 13.129102817228759 0.049881259412927106 0.1662923238397547 0.24170777612644553 0.003605242852379376 0.04027320599084262 
0.07766136911918152 0.07766136911918152 0.07766136911918152 0.07766136911918152 0.07766136911918152 3.985465051216871 0.07816726033842905 0.11467467356118907 0.1535998950599175 0.07767441483324332 0.15177527443912298 0.19037086195843816 1.5145059782362178 0.2821456653163592 0.0801705839957393 
0.0 0.0 0.0 0.0 5.653456551058951 0.009009773256340177 0.026662374158284104 0.04317792732711339 0.028113213939131895 0.028849506053959747 0.015023342342639426 0.04178366211419753 0.011352715952819965 0.04021167620733303 0.022491282631750473 
0.0 0.0 0.0 0.0 0.0 0.0 0.0 0.0 0.0 0.0 0.0 21.80005282265129 8.7079146404865E-4 0.036463748579124204 0.04757677072324339 
0.701934023500686 0.031061834000624643 0.022475712113554168 0.023387374124735454 0.01763501977504193 0.03515168667085406 0.018830483201264202 0.019638051635392922 0.02357203729345041 0.02048941186164434 0.01635551373717001 0.014360081296691418 0.02538100691392781 0.025409140013929653 0.004923709984674084 
0.0 1.164275455123688 0.05096581102810774 0.05087940530017038 0.07799793900614624 0.01945671182246907 0.04134164063493922 0.02651400305777813 0.05502155546938856 0.03837647213376737 0.030007534933424545 0.03972655545362041 8.410703608666607E-4 0.03895140734215691 0.018681988894201276 
0.21197214545512486 0.034730651380604056 1.2428462495360093 0.006866197993401551 0.05715503060942656 6.822708215092556E-5 0.0024409977593305154 0.0034495874395965897 2.6842851765075676E-4 0.08726757871617498 0.040360425852624275 0.0031530935361673727 1.4778304530586615E-5 0.015792787320533304 0.00489503601269467 
0.3028237315780585 0.017498863908327087 0.10683154911878441 1.3256230063093766 0.011635917141212582 0.005277358891714512 0.002850278294850869 2.578480520081436E-4 0.01750963310948937 1.4810239403945806E-8 0.0036171382275128456 1.55834334469403E-4 9.221866834116609E-6 0.06993151182882922 1.855472397312716E-6 
0.09587823035053851 0.011579094805267899 0.030508648575147086 0.03885399327479845 1.7109444422258377 0.006205171574342284 0.0709298627025174 0.06299470294527626 0.05623926573980483 0.03818845785459621 0.03650708433173777 0.0013084816243768755 0.05052051271731077 0.011781182406101464 0.018478377178372304 
0.25014014946723095 0.06674300678278529 0.047096199183477586 0.009303666354949619 0.04526207467146716 1.6455537691074233 9.359357041724003E-7 2.1181574925043152E-4 0.003798267264557082 4.7404951109842653E-5 0.030949645680975642 2.2958515187845855E-6 8.223581590583722E-5 0.20053688364099773 4.615760786688119E-11 
0.059259735166396425 0.03860543256064416 0.04348764222920708 0.03707357892931673 0.04314136469450814 0.020322117672019708 1.599934965254147 0.06741229785000617 0.04686405873849027 0.060069090059913226 0.04992696473088593 0.044785630417347864 0.06782442682262062 0.061756968707626966 0.022147383991315342 
0.06119862396211214 0.04190113350782039 0.03830362014183391 0.030249034911792476 0.038045339539220534 0.05270399059188601 0.059223332281467644 1.7479212544183667 0.04938980561898378 0.05572058103168217 0.11359435949784759 0.0393204615289371 0.0647737981857021 0.008594336290298266 0.04065903041153299 
0.12406262122005152 0.042380842952049254 0.050270794640868116 0.040995483002820646 0.09329577727365125 0.0019827942716721413 0.043490267690456004 0.03280144710323134 1.5306660435752972 0.047734277786248946 0.051922142180093896 0.04072294545790602 0.02895408787887134 0.03207514504603573 0.01413631003307509 
0.10221112819603102 0.046313613037198276 0.061813706800238344 0.006728110450877708 0.03005515396146737 0.038953086027461156 0.03196059444106301 0.024247546938386277 0.016376160668490163 2.1515426124067956 0.048877484426752424 0.04367783490847878 0.09970207619385726 0.055584634160883835 0.03919209937093687 
0.08683704628098854 0.061903022453184665 0.045284138174554796 0.0167705180230703 0.02606498937449588 0.02171916263875971 0.030339099591390917 0.03958836128125244 0.019248621986555182 0.029058299300209787 2.8980018535518473 0.05840293952208105 0.05179911771232516 0.03931447865568416 0.016934744216577768 
0.13956563928877955 0.02397179862164675 0.021426522817591324 0.04232618059681871 0.04019029784814297 0.01448253640998891 0.02170409697984581 0.10972895358576482 0.02855810357173248 0.024945875499854296 0.02435111752424067 2.4813695575624735 0.08870804349977958 0.04221891892986591 0.01241816045600785 
0.21529283431339155 0.001927902180664161 0.07943684321195928 0.007936431142158303 0.08315906310733004 0.10679045518612978 0.0569560350002975 0.042927118243407045 0.006655962191304059 0.02450893387733468 0.030137280765330312 0.025387977945961784 1.7922517803453781 0.018272281594095045 0.010712306309488169 
0.17132683616987637 0.004164245194921526 0.07454012603146276 0.06315763453497593 0.03713093338800981 0.030450566874994277 0.026167311550130235 0.030144389677937873 0.012884999701207654 0.11374441769599192 0.029065572143999022 0.03729401416202506 0.04376409148528338 2.2259152305557963 0.0037977555595233164 
0.1660338607541248 0.08448430132261543 0.05245212567815812 0.04822741398758589 0.06190009182021033 0.031094913309675093 0.034367216693435496 0.09096114573969459 0.037603409129866566 0.03891662519571918 0.1640767878435326 0.03479077918048513 0.035621112885421365 0.04173418135519846 2.2662222951618554 
0.13032480600314963 0.09434414611456453 0.06920498886699958 0.0766486608031586 0.056608841051932625 0.0767906417386779 0.04878664139228803 0.04857982800587377 0.031135511720976786 0.04098957670254188 0.05972041961404905 0.03178940920701324 0.19641243991458632 0.21342736676198454 0.022331845386938352 
0.12727825201435206 0.09058092628148669 0.08279288411225653 0.07851953297398981 0.06344259830698408 0.05657011165597388 0.04822001454333127 0.05217120802850497 0.03341363786677274 0.05057967223540814 0.043530549521762364 0.1748380695622262 0.04534398418687491 0.19356715979985853 0.031176906153611017 
0.1264256957548384 0.0959397042944754 0.08345397256127116 0.06910442415970625 0.05795577544840006 0.0638994479493032 0.05489609814359249 0.042594962471170714 0.043183375173827566 0.05186588267851976 0.04313685889237162 0.19427394094105607 0.1649621389171735 0.041588193719850175 0.024526961451162288 
0.13018577939536516 0.09589863960491457 0.06902177782765387 0.07725807323559572 0.0632393149430675 0.06814597873728433 0.056095677118013706 0.06969985117001797 0.03413884598491943 0.052119035003307286 0.15724955914477698 0.040654725639653846 0.03365833069716539 0.1591007016572223 0.028529095203429847 
0.11898094464867837 0.09591657254547024 0.08051496772899465 0.06944356023721733 0.05567279520977878 0.064620948534596 0.05341537579030467 0.06515063913317054 0.038511889768413916 0.038348735747274834 0.208654481300116 0.03593863164504793 0.2008486652882399 0.04143279424265047 0.026436051587857383 
0.13014377464590018 0.09243661899034672 0.0695634685544308 0.06615150356434607 0.06406708784612437 0.06546515389540852 0.06065520302685072 0.05161089645962586 0.044778707911195814 0.051101480048501076 0.16084106952643287 0.1779858553822286 0.049637380125677644 0.04157677017943831 0.01311403506170497 
0.12060422478490362 0.09412799775680875 0.0850716901161071 0.07636915293398218 0.059905645017072864 0.05558281260114131 0.048357072754018716 0.05122497157483813 0.04417372671600778 0.20633283686147727 0.04412714176994929 0.036457906476595574 0.043272753682159985 0.19589480442352883 0.01679750277622691 
0.12031858207140156 0.09699490989835484 0.08141295641439064 0.06911062984660502 0.056173315955561055 0.06520191676570096 0.05389560143060282 0.040001580990470194 0.038521059731054116 0.18785685095479696 0.046757918389375444 0.04327944621096387 0.1917259329228061 0.05601575466500024 0.026438102775899718 
0.12056493988373332 0.0857130953616253 0.07791294610265988 0.07319649376662332 0.0767317881474189 0.06566401685143507 0.06076129901020959 0.03797507772450142 0.04472590182880926 0.18026665204573933 0.04333421924767577 0.18009401094037678 0.052327476610726724 0.04085685561075689 0.018300010621434548 
0.1183421153049066 0.08453933172576407 0.07663871433364343 0.07386565583247877 0.06788375892592165 0.07348324680820094 0.055410653740020806 0.037213518787177616 0.03771967193578972 0.18884461496976584 0.18105805163955171 0.04225900208470144 0.06469936067389137 0.04046705399667077 0.03519097697182637 
0.11651003913987225 0.0907674020894649 0.08320138858493574 0.06456602371067828 0.06139609683064098 0.05204777060171722 0.04781079175657318 0.04923128654929694 0.20648889127538372 0.05542651098943365 0.03620339958247972 0.05352958801216826 0.055470247315557004 0.19439231459663936 0.027156751102912734 
0.12504005092359194 0.09068441871410564 0.08142817900391339 0.07224384987085394 0.06943178038330222 0.0666701133538291 0.055660209284206945 0.048702659389375055 0.15761284612864548 0.042762908562368 0.04296483474293004 0.044499740811273336 0.1606214521293434 0.041408494901022296 0.02809001996021975 
0.12630568137713827 0.09146751432104834 0.08205953895906928 0.07291313919273328 0.06999030746638663 0.054398084015208646 0.05518449607738002 0.04266028089084334 0.1750443200510873 0.04261753381852119 0.04389871763793066 0.17599084374411142 0.03764753407521845 0.0407675978363388 0.028096651037124096 
0.12098465418958836 0.09209668562963956 0.08023048930297978 0.06551602544812128 0.06567816753120106 0.06780459690005419 0.06270435069577901 0.042051576093096 0.17372383790042698 0.04590129205187444 0.17380275615052995 0.041559941021917755 0.040275047111463236 0.03997823006639167 0.03256797636713441 
0.11823910218014012 0.08582734153346436 0.0770136713245306 0.0629218568928112 0.05370819854251981 0.06117238322787101 0.05940355486746426 0.06443893152906661 0.16777078185864444 0.1923863004876145 0.04493534580510198 0.04679453850094102 0.052775298667766916 0.0461570812815716 0.029651301566519066 
0.11605176903301 0.09438060561778255 0.08012774345964249 0.06456607032370008 0.06147573531618021 0.053315925581404425 0.05137436208952217 0.19609421889608966 0.0477757191580245 0.054448729384669436 0.04734868200024172 0.03570362920695202 0.04567673384195451 0.22524054401940652 0.018348445636933303 
0.12417751939239338 0.08864783218234847 0.0800477651034585 0.0658865463459023 0.06273771686622193 0.0604968760598972 0.05319495235940458 0.17149904675256447 0.05281899001216435 0.05784238859543955 0.048624280175782686 0.03931641243078753 0.1661111494711111 0.03938991133955786 0.02944585724931007 
0.11892452847197113 0.09009028743923107 0.08011384239857602 0.07479718969937557 0.06191892271922551 0.05312161359205745 0.04923847802878045 0.17564863307658743 0.05026417372639372 0.05789707003540846 0.047307252560950204 0.18461308241751753 0.04008851341228058 0.04038145817806658 0.02857892904697814 
0.12043670592282595 0.09706082099375045 0.07599407582563236 0.06556952062247577 0.062460106733206344 0.06469382680037244 0.053903701382202386 0.15937660120157754 0.04807520094429548 0.054863956961894736 0.17264273754044523 0.03856960769995258 0.04934326690117817 0.0413926481982438 0.026315003720692454 
0.12333233758836253 0.08717695161094567 0.07988463836376362 0.07491819235556436 0.07611998166112971 0.06210721037336988 0.05136053762517262 0.15798565466687117 0.04679345165470277 0.1686577546746986 0.047368996471407646 0.039485972117681456 0.03627567201489707 0.041373900023773474 0.026057664317387583 
0.1215453270776028 0.09203088447778882 0.08000609990263248 0.06567312857549885 0.06261598221673827 0.06165698394324448 0.049416986731190195 0.1774013660403314 0.16362724799031578 0.04963354259913605 0.04311661591758058 0.04180006116613153 0.053189798896855836 0.040461014417135704 0.021214934549631335 
0.12747460344727876 0.07377093157895556 0.07697093894826418 0.07271943669753614 0.054305655197617736 0.06258390498777297 0.21658344065551843 0.04641125560686785 0.04644416976234744 0.045536717416322044 0.04676552024448219 0.03839581392702975 0.03471760064343324 0.22767222010458765 0.028782110431669408 
0.12242248635278027 0.08877532645043787 0.07948298473473067 0.06434944634914301 0.05469674139908672 0.062461891337434725 0.15825782695065427 0.0672840862996205 0.049879439561441925 0.042638434114534655 0.043176331033493304 0.054174956921722174 0.19135606681686715 0.04077752565483934 0.028696290812233426 
0.12445743377024557 0.0907723315194147 0.08096618349623566 0.07046827694981832 0.06901476556206869 0.06173443767263859 0.16810441853303695 0.04702052979049704 0.049706459911875805 0.04368101251342135 0.04402509931934525 0.15853324180548092 0.04613088349424333 0.040952584093649644 0.018295801633358665 
0.12095966370272741 0.09145609962242761 0.08405555349819181 0.06551418367387707 0.06284025535701195 0.0710156123590626 0.15258289671080782 0.04052633233743493 0.05015880096041834 0.054356595965829764 0.14899958548004677 0.04667863750572866 0.037470938976528666 0.056455343565203056 0.0358204798041966 
0.1251777535366109 0.09128373118519967 0.07373607913488646 0.06898348337425221 0.042972034081115475 0.051943019165200804 0.21198383700309728 0.04061513419550564 0.04995648991114809 0.20651498466159546 0.05098652489901144 0.04179182945065407 0.040489079842657434 0.04082177902020454 0.026270992259182016 
0.12253322407133956 0.08873559213923154 0.07951261641331922 0.06921720961194383 0.0676791401284868 0.052601795636444446 0.16912473598005012 0.04606835144588321 0.18812981559219258 0.04643535923144924 0.04720666958434251 0.04291264381701006 0.037642936136572915 0.040793456627169315 0.02810421824017098 
0.1172629247528775 0.09462294013755275 0.0786023560373718 0.06398200668658763 0.0717760292510186 0.05417892228949271 0.16067106166253536 0.17713340848595935 0.05449968513670227 0.04991211942680603 0.04352311260745076 0.03967262042352186 0.040245548658470104 0.0404032724281823 0.03254627724630352 
0.12322796778713611 0.08773183976513034 0.07561489683704278 0.07406956626740689 0.047680902071515596 0.19430010573548048 0.050410085510289235 0.051887589405662536 0.05027766631523589 0.05724466992041073 0.04791712191144563 0.043735388410784344 0.03469628277411069 0.1882567975506812 0.026819662162939455 
0.11923007552868774 0.08509848671074471 0.07697405945977223 0.06715396488166654 0.0655368078284249 0.19096608305303361 0.05978267612845707 0.05554602229579431 0.05560943801448737 0.043749726976497136 0.04407003780935516 0.04008990765410873 0.17066520951253128 0.040809084461484214 0.026569248171309755 
0.12270372798480234 0.09131137644489891 0.08222423985502515 0.07692230906934909 0.06353116883862145 0.16429025377558584 0.061315326539130535 0.041642033483324285 0.05111652346246672 0.04478958616710117 0.04823005253891711 0.16781925545267412 0.035697123387975316 0.039391642253606224 0.020113958389730898 
0.1186875814070653 0.09659440256771049 0.08086689671846463 0.06591431053080499 0.06254660217952127 0.167639037460196 0.05905814031011945 0.0451090780178103 0.044594300208109956 0.05676103665843018 0.16422660878318754 0.04700089760507736 0.0367325556310086 0.041066218051972435 0.033923744582497264 
0.11458096630522707 0.09160945773629638 0.06549083453188426 0.0708312957145239 0.059260595084115096 0.21103848050537405 0.05318319977613905 0.045646647952578744 0.04357281587190476 0.18789901841298162 0.048484592141230215 0.047111141907836114 0.04862545042566845 0.04189654331709781 0.028218837128306147 
0.11841557718627396 0.08815827799391336 0.0779512904165652 0.06369915019935123 0.05995775045207955 0.1716213319258045 0.05800282462153017 0.054065361720271515 0.19528181869036315 0.04774174674628139 0.05178217011934957 0.04193860792354055 0.03530806976794123 0.04133571950871265 0.025970446456230235 
0.11064937284268009 0.08162051926858703 0.06770693119975466 0.07421993250515639 0.07052430085635744 0.20567225160437966 0.05237079170067257 0.17253722319104184 0.05480403666695754 0.04858892517410489 0.050936660268281454 0.04253808729574399 0.04955595761056163 0.039388639353123235 0.02136474970953102 
0.11641770888663254 0.08490860325222717 0.07573591463670301 0.06592952055949233 0.06446450652324302 0.19226759752282133 0.1804425103481084 0.05047162059947802 0.055117583439565236 0.046961187471337915 0.04743534365231583 0.043151280123444026 0.03792852567206245 0.04099523072555024 0.01612005745139835 
0.1078625086204412 0.08420337346078789 0.06855240370138768 0.06723877436620815 0.23416215073436467 0.045441856974043855 0.05818724297978212 0.051091532691251426 0.06774544650424198 0.04502740395029509 0.04337072525707314 0.036775308226633226 0.05430699276387321 0.21404588479572245 0.018331987285156916 
0.11746962014300022 0.10429027404774714 0.08431389596687151 0.07188815018403978 0.15844082693341432 0.05271701477893092 0.045355358618536804 0.0398465820880699 0.0434880470280119 0.07249769181787163 0.04607337968545052 0.03968609509809364 0.1689713601006759 0.04042644729112532 0.0294912673727675 
0.11168372441204004 0.08450065994733995 0.08764659967552814 0.07204668169132436 0.17944832714481573 0.06811427361229098 0.05778372313759361 0.046953217987475655 0.04623127382927296 0.04482337626062345 0.048600180662021715 0.18203323294288876 0.038196346760821724 0.039391190875073034 0.02937412648600042 
0.11259788669396995 0.08711357122191528 0.06946472239245774 0.07058614622266421 0.19116270111822564 0.04921221435970494 0.059659726126028455 0.054159083694197835 0.04929332648818746 0.04431256929084232 0.1799575035614318 0.0494934028177692 0.06045458463829201 0.04054158995476477 0.028545315024488607 
0.11210463818708896 0.08435849578120849 0.06701758215100341 0.06835932191397871 0.18851253533993056 0.08156790686708748 0.05941262413122569 0.052164404654619446 0.04420055132068314 0.1759508488590163 0.047083871386940646 0.04201949617328449 0.04648632400048324 0.04171023791701555 0.025864751065029883 
0.11263250381808906 0.08390977013303809 0.07436523214194134 0.0709099744941835 0.20225056327283014 0.050197394190765784 0.0582887798710987 0.041490229134640635 0.20486801557907414 0.04888919208474655 0.049256891855069124 0.041773595899800016 0.040477459335100656 0.040387459614631895 0.02872031149754966 
0.10996636199992077 0.08599610123235969 0.07389454701237633 0.07055222548049916 0.19956029798527447 0.060699478492423284 0.05083490999290771 0.1870014774563509 0.04770512744879478 0.04986961628224316 0.0494483656838327 0.0419009697686119 0.03782368689017472 0.04042675594573216 0.026007331177613988 
0.10502584741426438 0.08242586370825922 0.07082001569038082 0.05689235812744115 0.22620956193161193 0.05850531879425719 0.2440924788407258 0.05076280099922878 0.039204453342691424 0.046653210443218913 0.04728667604814843 0.0421184244223758 0.03904871993534422 0.04090966343656543 0.02204567738015615 
0.1037357508142649 0.0803791814814969 0.06911226042704731 0.059979513724547684 0.22927154188423648 0.21610471758175273 0.0566962480349736 0.05087357048648057 0.055285870611278355 0.047091338820579386 0.047802682087373614 0.04220183570372883 0.03802764036791273 0.037727607281477664 0.015885900453934242 
0.12409393663680433 0.08866466596184243 0.08185246713765867 0.1566320826327859 0.07165588243475177 0.06253839870263497 0.05194892810181941 0.037998951252494646 0.04860803274938974 0.05716287471540664 0.0474583055033149 0.041723220699356654 0.04918341649769451 0.15586973337714455 0.018259375401202798 
0.12204493296587958 0.0867868734517609 0.07608309130610914 0.1825680022286917 0.06524219169935633 0.06985602674238607 0.052240713195351625 0.03765969325080541 0.043081555179191725 0.058651005309984044 0.04264227753883138 0.03932403345889348 0.16607149310411543 0.039389474566632304 0.029492277196443116 
0.11354051937488514 0.08092671146441373 0.07310829293457491 0.19948723856261708 0.062175330422184476 0.058077733333183265 0.06069314613825175 0.052246787350025324 0.04638159356817532 0.04504603823013227 0.04662364059315171 0.18144029644819465 0.04847426172260093 0.03921274825701946 0.028903839144313916 
0.11697666477804637 0.08929624716705592 0.07068711514470899 0.187501318145971 0.06407976597789239 0.05900493348273584 0.059783779106336594 0.052414753875334175 0.04827655477146126 0.04544395663869556 0.16864289485643996 0.0376248373075025 0.04263155004829109 0.04167393264062021 0.026209145416610374 
0.11636574690776294 0.09630492356653238 0.07625113965137884 0.21931196941618555 0.04399929445820276 0.04923270569077805 0.061789205968400956 0.035881772541421574 0.05132255378891702 0.20799722666923476 0.04732371735831678 0.0380937038732415 0.02538533163381218 0.03848772317359914 0.025917921818675374 
0.10642887864415528 0.07624067737596797 0.06633951706917274 0.2590971996052947 0.041493125323699524 0.05696062933360892 0.05882982774124472 0.051014853416675415 0.2478395826001886 0.03576970269015116 0.04661026558777591 0.03771719682932901 0.049048072826447985 0.03919371419097226 0.015550306528282314 
0.09727026336931126 0.0706449188970224 0.05903916944141312 0.2568722504702949 0.04683108046837904 0.07018269542721607 0.058492153481670695 0.24875459728109364 0.04748977769971387 0.060631131375312494 0.04272011665165105 0.03544442224818843 0.04831590935840702 0.04106525045821139 0.018446679059744477 
0.10879237108276103 0.08248272838105741 0.06655408951009574 0.22286232804254913 0.04091994611056178 0.05604623300890036 0.24324592279594318 0.039251764409715915 0.055741151892052566 0.06205803937825684 0.047261835610405756 0.037949209400480334 0.029930027579919485 0.041793977617912155 0.018910937426688517 
0.10602071008431131 0.08322441734012218 0.07149795182187157 0.1769099046127421 0.059978879003606204 0.18209733873819137 0.06352331018913789 0.05611857092152792 0.049884807074788984 0.048519604832860594 0.05093476793833117 0.041564907148199645 0.04873239153162658 0.04241974002266599 0.02602240232018771 
0.10565656915708876 0.09413984717079277 0.07352997496242657 0.16900562912659417 0.17742204109256934 0.05531099067222575 0.04844049427541411 0.04984064577755579 0.049791988772460834 0.047695899108722725 0.04997781040313494 0.05135115553930546 0.04820759268024096 0.03993649282252725 0.028579183726519762 
0.11555334549213311 0.08250274227338127 0.2285360513112085 0.06629866794404306 0.054592177033431694 0.04573983686907265 0.06279386740692382 0.03830015515401176 0.04443597969539775 0.045095123563901295 0.039367046505270044 0.03841892415203282 0.03493400039264682 0.21950282810377497 0.030212003033029886 
0.10990443247264128 0.0838155426139321 0.2021442836778848 0.0766822072536316 0.06266570954935567 0.04547743611208338 0.05948697690874002 0.04681925898994439 0.04485265217517719 0.05696486801135347 0.04279026175400362 0.03441185226182319 0.19115689713430997 0.0414577912856416 0.02542236130268355 
0.11047427365610442 0.08383477016623803 0.2227995617080419 0.0738410132204727 0.05172506084733401 0.04477607430682682 0.050399858760571285 0.045992226889802625 0.046627569872995815 0.05601659888352628 0.04657788958149046 0.19820848678716094 0.032902453748102876 0.03923624794376941 0.024687197571407506 
0.11493570224324508 0.09208749355462072 0.18523942251533854 0.06666740567339347 0.05079914632461524 0.07146144310418634 0.0621013173791957 0.040789865263655155 0.04925161999705925 0.03188566254538246 0.16702792904328795 0.03976331828016202 0.05167449292097257 0.05514729532730667 0.013051862266699847 
0.1150083204711005 0.08205840567938114 0.22750743398154089 0.0654183505032839 0.05207099037907125 0.05165303792039672 0.06285305943460437 0.03826669353337578 0.04730635371964472 0.2031952808077668 0.04350022552588842 0.03554739089356027 0.02652480905862568 0.038631321306969967 0.030103282772867973 
0.1111104630054783 0.0793101346469402 0.24807879892700427 0.0702689498796705 0.05255649591129881 0.049771510530316074 0.03938962687093815 0.036640766133764324 0.22790122844947028 0.047679542379823046 0.05149066632123241 0.04112642045016273 0.053271196519122974 0.0138208702526854 0.013099134903348866 
0.10687960563033325 0.07555150732114418 0.21063689714181427 0.06024516706473021 0.05022954399173024 0.06611763994223618 0.0540392567421565 0.22046764657038392 0.05079718574831506 0.04952633236735469 0.04794027334531661 0.041981883788979144 0.025810939838376016 0.042047407743236516 0.030212003033029886 
0.10912314044842432 0.0720276961045907 0.22351719266841064 0.09348598648472851 0.029836189960035956 0.04285996647050846 0.23415045254042613 0.06228807136108988 0.05235872072098984 0.0498316418439801 0.04379804494305707 0.03885785583243951 0.020395118236846203 0.039171350416217034 0.019251709294116157 
0.0875073251861022 0.05644641767780736 0.31544319030918466 0.08223993481016116 0.0566951881722788 0.30069280835365236 0.045346224411014005 0.04352158362245349 0.04080744823339856 0.05269851089457978 0.01862364593029372 0.04075133570525464 0.02594251048505885 0.020206299417236548 0.013101048006889764 
0.12093151536200342 0.09214072956826823 0.22031867515815245 0.05330258687100155 0.18694291151407996 0.04454477587080942 0.0462926112446728 0.043437487663539706 0.041132967071766974 0.060521045167679956 0.034072009782944966 0.031569423013570436 0.027324252611868344 0.039433031305031695 0.013318233472134657 
0.09598216408216001 0.06785986487551028 0.2607324702910425 0.20778329242358698 0.0355379528444387 0.053887854138412676 0.04392947507212572 0.061247209215448 0.04103310693521301 0.04747851101956847 0.03674893660457226 0.05874272747409841 0.04268133520307902 0.03974508991883409 0.018513321028577542 
0.11511271088208022 0.272528160512153 0.037537370300031306 0.07029011748715198 0.058132943240081364 0.0480313539713412 0.034696869730019224 0.03665257152705718 0.04306278308830028 0.0523232233733373 0.04262326686346712 0.038004425211467165 0.03524904061181984 0.23009384749739986 0.010204500531493521 
0.08806159784500886 0.31323292854457996 0.06413488989941413 0.07473806653661082 0.047689495613639665 0.029261109189225837 0.04113905871879684 0.036720513852699574 0.026142361809118712 0.043300402706796595 0.04136880544422843 0.0368937665384363 0.3004863611935905 0.03810319199657579 0.010608889823801749 
0.1061648140230628 0.3776256213674805 0.043719394748315286 0.02972504792539158 0.04806943406635799 0.02947655199235576 0.03973198952368193 0.03718204031477026 0.0257799374268378 0.02713635028069848 0.040967181628053295 0.3410077923091862 0.02509046781437174 0.04251833771463319 0.01288697265437816 
0.10329132921016994 0.21459311254175098 0.07497349100620873 0.055334689745100314 0.05404212640512925 0.08484025082613626 0.05607541955440972 0.037215296710858284 0.043148899698470106 0.043733690561433516 0.19026132720282637 0.04000570533391088 0.040982647740635834 0.03889917476597539 0.010228381670629259 
0.09888784254892741 0.2023510046912362 0.07117934753758852 0.05270256568887109 0.0699395874836915 0.0719907205280325 0.0523525081337306 0.039556914176259124 0.06902817023343642 0.19767160553003676 0.050024595216997036 0.04168475668609797 0.031065756993549375 0.03890234403260675 0.010107495419958944 
0.09281930333046573 0.2571832699303245 0.07493660810212607 0.07361685959075179 0.061487727649543696 0.023059276763837806 0.054290438650014386 0.03617174050500799 0.221002272124095 0.03606636511995453 0.04274080252434602 0.03824740727907531 0.03967088363643262 0.03976699015166401 0.019012051903970987 
0.12845072797629423 0.20618009015801314 0.055688552607642904 0.05728425388357626 0.07315489161953062 0.04371460532308917 0.04111145565701743 0.17080774295863546 0.048857421022508556 0.035789617565446394 0.04205524469911317 0.03572097412773951 0.04973945403098805 0.03810906086497455 0.0184617494384918 
0.08733192533150859 0.25923450310900514 0.06767809860671649 0.05578356738094583 0.06228462103933609 0.049405182496365156 0.24381014152523722 0.024580933156036332 0.04004855740662144 0.049333002776465455 0.04098221279740203 0.0377272942010048 0.038074182642463095 0.03991301435321213 0.019137801385159803 
0.10059614361128062 0.21112022589660104 0.04592270546651049 0.06426357890004546 0.04738205576226821 0.23286293554299953 0.07379447193909133 0.040059632543852225 0.04142396802303091 0.0491762818628523 0.04222253453463131 0.046680081142714165 0.04977171037940029 0.03820381444770056 0.012975978654873148 
0.09069807853738476 0.23621733172508622 0.08975052827429204 0.05712832376874566 0.18253325907776521 0.028918959852538305 0.05906590625672265 0.05756374673891027 0.039766271188431186 0.04322610342277153 0.043246703088572806 0.037604812800952216 0.043323623078420366 0.03199254806178574 0.017513932139082977 
0.09859225620766113 0.20414918421424325 0.0865616647778215 0.221166832251136 0.050607728428328634 0.029462449208838823 0.04426360844848806 0.05668708805447642 0.04883803001433265 0.03587706355597509 0.0510564466587923 0.0378818671833236 0.0437069570644926 0.02269290772936085 0.018785264570966766 
0.10226816117411662 0.21467908657536092 0.18669908006198352 0.062479258167518134 0.06109008485011969 0.031115854003170185 0.045110177811310964 0.04167439861688379 0.04154613116979941 0.048344074999553815 0.042726607500020664 0.037576320156785185 0.05248689539055538 0.03884584463240668 0.013099134903348866 
0.34848990502739674 0.05130941085688457 0.04377196888302784 0.04337714184505717 0.03900044983020678 0.04451422051188754 0.02649369685108205 0.021949932331532883 0.026939827240591095 0.04476265986946447 0.045903431074501753 0.034440794368501323 0.040923610259712806 0.29239600834524837 0.0011013645400759827 
0.3579218591024381 0.04896344618660469 0.049357346174002434 0.030562122486052768 0.05016955054517463 0.04460063350821868 0.026639164938164487 0.030673657057046763 0.04542128946582638 0.01713461915086796 0.025418356026813162 0.03563398373881018 0.32614100209614844 0.01796478020146498 0.011488244608489247 
0.37970726282551626 0.05194367333876391 0.046971134130869896 0.032683031670454346 0.052616896618931916 0.03023453321081202 0.027249038259137614 0.031375969332498324 0.04205166080138327 0.029340746494809045 0.026277710063883655 0.3383085719482934 4.789316173282935E-4 0.028546967950081985 0.012264878389286072 
0.3582670055255407 0.05274915136944557 0.04499841958057081 0.029794946712699496 0.02889187388536317 0.042284189739984046 0.025802372420249086 0.021375807802841106 0.02624621766167577 0.04359561163763968 0.317296746748199 0.03945296989912445 0.04755071300524224 0.022209756003607972 0.010969426507432354 
0.32190999070986825 0.044177445945319554 0.040444255886965236 0.054953316535800996 0.04522804974602543 0.029183964480914936 0.03971646962664916 0.03664472626079223 0.043987171718724544 0.2676366029143416 0.04757979955718494 0.031121356471174016 0.02892631391950722 0.02447193578917248 0.018101149609861446 
0.3345342373796118 0.04608779567736925 0.05257214638237921 0.04213808843544361 0.03814387151911517 0.02053473550445264 0.0183445343633231 0.034345594481689015 0.3568454456637213 0.02674979190678651 0.04355146011709533 0.03966551028278852 0.04563970288590939 0.022156408177190067 0.005388356564638604 
0.27104374237622664 0.04800234387105739 0.050623121304217686 0.06641977361578723 0.03328795395532038 0.0426446255591811 0.050279863446711426 0.23150681586475033 0.05035840445606288 0.056666958458673776 0.03555015271718277 0.04934047668672221 0.025654855700048367 0.014653827363790265 0.03350425790584328 
0.33054804957965767 0.023295851777382838 0.07259929931431097 0.03076322905930954 0.03098375823257929 0.026580104266211265 0.25297816862168854 0.025977193417683026 0.04584599717052941 0.06056378826698943 0.05140675696308011 0.03932106980755794 0.03896237566324208 0.03087071049683164 0.014125672218543023 
0.25388142128494173 0.06712301855175765 0.048599387892891734 0.03306087083679829 0.06684044009566527 0.2027023268853772 0.046745530711827625 0.03952591739750451 0.04691644250100581 0.04865645823244294 0.04026052665485566 0.047972431122700554 0.047601430071171416 0.01753411072345643 0.005383389412845392 
0.284489817466508 0.04726618831555974 0.07922049148202535 0.03141525302038655 0.24781295255360583 0.031834234242364985 0.024428835540033774 0.022994956051713235 0.029192677870723188 0.04010154277515767 0.042666964864446606 0.03724776200056415 0.05196336071848554 0.04135491080908534 0.012220290554534677 
0.32004620031957226 0.04222593627813807 0.042710182022814736 0.3360600458853951 0.01627105847607097 0.06082355701559056 0.017507492954729843 0.04536183024191415 0.019833029053882255 0.01973116427483175 0.01539144980045318 0.03896867068800426 0.02262956335964846 0.051389424291445926 0.00490866135108332 
0.4718328076074647 0.017891107054956033 0.43927385020123366 0.0023560109951820903 0.020456168308912625 0.023977353246989963 0.020350687838639667 0.01488035093248474 0.014746426989471262 0.01989426091465154 0.01536624464017969 0.028127015022518388 0.006505503530089944 0.02172855011979086 0.0012290218897706862 
0.44880779226206047 0.4265790097248166 0.00921801633979833 0.0023233479807975854 0.019107810653655362 0.003099903910268777 0.023710474865288773 0.011570217919443487 0.02438238149788483 0.021881791469392203 0.01735297485969059 0.024492281520692202 0.008284605718211806 0.009217964333514302 0.004680665965351664 
0.12356335680788483 0.09746169633042157 0.09705083899188668 0.0707338116667382 0.05158790597809358 0.06423719224906298 0.07677812620467603 0.060235152107124955 0.04261070503069733 0.054679930839518366 0.04572473068950884 0.03709111245174807 0.041983820703785056 0.18739973216096376 0.18623518565218777 
0.13881061239412096 0.09828631100140856 0.08931515715075229 0.05905602736063131 0.05267134133857591 0.05621359821893017 0.07603728510417222 0.059406938037270846 0.044222347185073306 0.05725123566927668 0.03069683199326276 0.03931327433874359 0.18438215739842626 0.05071089636835471 0.18223074197099415 
0.1296081625103984 0.10574569989150476 0.08814232646425701 0.07410248976617476 0.05350130275634533 0.05919677178267481 0.06007751547415246 0.04176069042143286 0.050253170161257105 0.05409490123822553 0.045199087784871396 0.16543190371186017 0.04465953580736409 0.051011074766355455 0.19152102909723953 
0.12907425480616214 0.10249920483082738 0.10551930984858612 0.07873397762495726 0.00695265854169658 0.06670152988223098 0.0871721368715933 0.05818443555736457 0.040516735658471796 0.052716732301927104 0.1703920468513998 0.04820197193235856 0.06309251273973662 0.05157749921472022 0.20454997175854028 
0.13553398577963785 0.07980838607191766 0.0820304655105645 0.06700993644363049 0.07674952149685796 0.06263019262533683 0.05596143047130929 0.05263873702599115 0.04653197701439174 0.18772293392071193 0.06860304145168314 0.03759373770529695 0.0454332339193924 0.04020726934266688 0.18858561297199458 
0.11822099696961333 0.09341439981253112 0.09317080334112314 0.06770998863204691 0.07206068654264587 0.055106824365668244 0.06228764859244081 0.058529381662378234 0.18657706524300127 0.0446451516645297 0.04141391935818877 0.03983174017758873 0.05817805527932001 0.0495017013510164 0.19156772084680251 
0.13410339161514526 0.07896598915770245 0.08140720928431233 0.06276814328435162 0.06924584198399704 0.0630469998811519 0.05790766109755093 0.18054907742014326 0.037874359349551454 0.05397779081615185 0.06607546233663408 0.06412914630142605 0.04589249945405905 0.03765771485312216 0.18649246339874614 
0.1347000020949979 0.10626702028191762 0.07333231616003506 0.06931568944872298 0.0523344113694238 0.06460849459295107 0.18113958220872015 0.03760650658729142 0.050061651194664804 0.05841023968592093 0.04897403130959249 0.03830001483820297 0.03872407363344858 0.05094408662583318 0.20444237941783172 
0.121752811300911 0.08978432885722504 0.08104416134176179 0.08263263150809137 0.06357020165248113 0.18788055104119328 0.056007755849611644 0.03718509847235321 0.05210639550936712 0.05988590228925337 0.04901848073817058 0.039030253459937374 0.048565671690428684 0.05186744084847077 0.19754048227024673 
0.1176731241675334 0.09270362074318517 0.09396284552399785 0.06574263005991922 0.16949055077048214 0.06161989279986419 0.06527949105337053 0.041017454777718995 0.05237674198601518 0.0432606351107188 0.06807034339200571 0.03990833181669822 0.045024023275027435 0.051011846793934605 0.20459627523087986 
0.14500673303354786 0.08518763994477355 0.06730883843074649 0.16986865170306426 0.08050594593927612 0.029288057650626052 0.08354328401248104 0.056516979677856655 0.047393270682439 0.05989728953362107 0.04450313296514261 0.03678527884906573 0.039017026157548915 0.0394793054673394 0.16867904014672735 
0.1191519425625202 0.09523766044717223 0.3009605606746117 0.06228754053569179 0.059990959934209685 0.02872141347351072 0.04167715048175018 0.04308521954196535 0.03812743510927968 0.04829748995234053 0.04133689649594495 0.02965283206810612 0.04563768160962107 0.036537194894140285 0.3106484249945677 
0.10774381916353455 0.28055412086286086 0.08564748101793726 0.057711031977068866 0.04397621280007892 0.04914597188796382 0.044173829894821444 0.038763591047119815 0.04537779842287309 0.04683755558392078 0.04140952483987312 0.0396143341864223 0.03724976407511398 0.036848974266410886 0.254935060388515 
0.2614624023858505 0.07053189191345909 0.0500534936515119 0.03447580625033114 0.06659529752768772 0.08227526968443222 0.04357555946577284 0.028637974743992562 0.04304154313810771 0.044640272517662144 0.03695622857819031 0.04832427806001972 0.05289342177612381 0.06317017571313857 0.20515771157658455 
0.4914852491694394 0.03454111842702106 0.02801815701146287 0.03959876840252429 0.039359512477650814 0.03237322055683731 0.02443076736649106 0.02700539453342811 0.04992687791007146 0.03749553108559045 0.04371085825262601 0.03875887902521458 0.029652206000208507 0.030831969491306874 0.016403260662363264 
0.11526888460888768 0.4100085755842955 0.047468513130152594 0.050568170643879036 0.05422274842808192 0.033251655869160804 0.04481816888424274 0.0414851567279552 0.029835315335780155 0.04882304366098544 0.043320721969283105 0.03829369644922413 0.02509282502098488 0.03791449177021831 0.01901140385550927 
0.10363624948669124 0.07885175604216191 0.3959078538648069 0.060065153906643694 0.06026670720954763 0.051552843790651476 0.04534218923907197 0.044918815901440506 0.048898482890295566 0.049608555721419305 0.04333033341966712 0.03622328479904968 0.026565248943487718 0.037939651044330495 0.030088848568679306 
0.10169874413546018 0.09127040374842883 0.07086262925008126 0.3747803842763216 0.04740702402695214 0.055608872663604106 0.05617688462004503 0.057270270223576156 0.040931374630173836 0.04826034585916605 0.042687345477520316 0.05157705218298065 0.04902639523242228 0.03611777792196202 0.02106884634682756 
0.09675261187647916 0.08365431736675139 0.06197875368071858 0.06244391768875997 0.4922530862751829 0.05717879230903528 0.04891328629652744 0.050649231033959775 0.034113980376133224 0.04861207564391926 0.049966245760338965 0.051681676160794686 0.04820236617866421 0.040249118505795226 0.02971154868757212 
0.10134604604457892 0.0752239885731899 0.06328151692052496 0.06521090713022128 0.06273973915390947 0.5347630587983575 0.04847263068955396 0.05990023028928845 0.0427689548306449 0.048957363738260117 0.05537870426062419 0.03971612456613399 0.03741121660076427 0.04050796933274379 0.03003139771923905 
0.12145508424033333 0.07055383167694053 0.05973450147507416 0.0402238405837845 0.05756533185403359 0.04820920663505804 0.6078858517598396 0.0366897432243689 0.054942972741488204 0.059949368950061685 0.050375003018741746 0.04141892714459155 0.04889696950614688 0.040593244780045695 0.03974681245539808 
0.1121904037979932 0.09124030028311181 0.07746167050329314 0.06241777752827815 0.05943026656439002 0.06588457281053747 0.05071583994966475 0.3792830767581914 0.05161243017357142 0.05882132792414338 0.05109476355910892 0.038569197866828504 0.04934274258925402 0.04139211394749354 0.026344477254467494 
0.10980862548032745 0.081536026508816 0.06583237369844708 0.05791727208895851 0.06632445135319899 0.06070977942545896 0.0657032928398655 0.06142724497761809 0.4671794475407321 0.05857588282360508 0.05006079567957049 0.051230045909579164 0.03584498587822892 0.041672298086024906 0.02896760066931254 
0.09065008791636585 0.0690740942670846 0.06993457196997319 0.05779549362201237 0.0600679935688158 0.06996981091526626 0.06072758282542547 0.056387577606728995 0.05485781647588717 0.7999204763205578 0.05100998728888215 0.03863257586059841 0.03748115184638387 0.040550103737254956 0.038919927587337706 
0.08919464531635264 0.08533787333956017 0.0643741806009115 0.06089254486669052 0.05373556242949204 0.0725975663043421 0.046042015703457326 0.05545770251592317 0.07204031075143708 0.04769824775600418 0.6610737258631799 0.045468902978525225 0.06615316360389108 0.051852763099575296 0.0377071024710186 
0.11379884812939624 0.08091374659992494 0.07382389276689315 0.07077188241096248 0.05952781446394198 0.056777319033330435 0.04801921729135601 0.03894816632028173 0.059666862635147054 0.04880973436304201 0.04186990795464704 0.6302706658462689 0.050701654220961324 0.03939065129499148 0.02939021687460068 
0.09579128150718647 0.08727271254743164 0.06789535383325125 0.06425491786457059 0.06823285472641578 0.08543606374954345 0.04790611525492063 0.06094831568404548 0.06191425989810089 0.047245128117783614 0.0379717780031798 0.037313522343711096 0.6415408883982072 0.0521323821581576 0.029671634569777353 
0.12097762634359314 0.09431465203848127 0.0864672553399858 0.07715530811154042 0.07048037624025144 0.06922430723460006 0.0569572770316659 0.05328906627283745 0.04049930750045957 0.04401700916725566 0.03790169838256851 0.05114451517893467 0.0435005322944577 0.3595930033705988 0.016483343660647284 
0.14185451125899748 0.09708881694886017 0.09461001715858904 0.0757817321155409 0.05561882443943773 0.06844109404575045 0.08073895566432217 0.040781166610081784 0.06240488188225428 0.05844364188094567 0.046898209049423344 0.03903209503677143 0.044249847869502805 0.05768870599736012 0.21802405592885582 
0.10657971175985233 0.09690542128385082 0.0721328649518143 0.0710363254699649 0.08619299708289 0.07245506934488555 0.05253615706403758 0.08784012425952362 0.08632644555859705 0.05755116226285884 0.06577686438096603 0.10684691854087706 0.06370192463559936 0.06075504470452877 0.029749325523120915 
0.09864532877968564 0.09429668173083475 0.08304506072620096 0.10983168127542248 0.08161403693182755 0.0923775899671316 0.08912586249244078 0.07059764014401784 0.07134259775259656 0.05735309430809787 0.049763483479720476 0.04680838970020374 0.062459269909069096 0.052131355578907045 0.03564467109323642 
0.09492919560940066 0.07222698438573251 0.36264544779437075 0.09202755674370036 0.0588083193589261 0.05030532182486927 0.044244958264150404 0.04383183009438139 0.05330309254971484 0.04866075191677239 0.047207734535135 0.03579857326250961 0.045158830009614334 0.03794687944766286 0.030658788735002385 
0.0981398084682326 0.07265234676434934 0.09583203264513089 0.06772713783362064 0.07940647429875494 0.06414841816350532 0.04289371141739926 0.11607321876367659 0.04078533948016109 0.09239088007503882 0.06219313005997215 0.3653566792029067 0.05199293255698366 0.018544707423158856 0.024137645548308016 
0.0778075692559319 0.0744623659444065 0.06553210114361356 0.08666982458889673 0.06441938190386576 0.38938305206584983 0.06329743097073094 0.035855752286616846 0.06473805567701472 0.05445656099441739 0.04717871894108167 0.1053695183990973 0.06385706939604278 0.06247822773937034 0.03564467109323642 
0.07893941734107057 0.0799645902769128 0.06800614485980808 0.056512290713635054 0.12628575053344326 0.4142546858222451 0.0628793233990062 0.03794941101067482 0.04697480196531196 0.05655624753519814 0.048657068207512116 0.04646614068980333 0.06386029502110196 0.06239138564596672 0.03564467109323642 
0.08768441969621181 0.08506443055916575 0.07424859725830016 0.07554693083572972 0.0698062731029584 0.42203959232321425 0.06433900688956658 0.036679802527003626 0.07434085292152035 0.06463035015304706 0.03283062113688807 0.048070333386885225 0.02599625818356282 0.06170127275369444 0.03564467109323642 
0.08319496087117606 0.08014565551518882 0.07204115517680028 0.05163941404017859 0.44898090662637324 0.06991464996689865 0.04516919905592282 0.040657115721996775 0.074654017628078 0.05693573961545174 0.05135148552176659 0.04967011702837723 0.051733072944255824 0.06059256726767901 0.030319641130799498 
0.08415959171498023 0.08101743385682325 0.08144507602567212 0.05285451460345756 0.08380801093257477 0.057987060493440816 0.0727462328411925 0.0793548438206952 0.5409359199296463 0.059239680577630474 0.03013055571139399 0.05104947693178863 0.03563778234800773 0.0449173575302069 0.040217972152615 
0.6451340126544345 0.04425836336536223 1.0822174465509389E-5 0.04333184503303566 0.04271127460883229 0.03320439038647346 0.010724223532424752 0.023277578468324584 0.044705059938088834 0.03763919787383668 0.032412595539226284 0.03204806950513294 0.02023766705433992 0.02160282901253463 0.0011783202822394315 
0.08170956479271964 0.07817644732125306 0.06603401106668257 0.08426309342726654 0.053663499894391155 0.07124864193070052 0.04587414065105521 0.05637412082128819 0.07187722969781277 0.048061638069040305 0.6599410789956112 0.04370184842115664 0.06595386599151556 0.060736773484541526 0.030162428779078286 
0.07784624847119939 0.05931774837548427 0.05922357826337582 0.049479170297211175 0.05142467512503854 0.06077992978025278 0.05206617563165638 0.047469355010056856 0.04692127259101163 0.6849580556137697 0.3701798044642892 0.046735473523958536 0.03748112860471942 0.04055007859256601 0.0389221272059179 
0.7680615159596605 0.011405616897264374 0.016568719146126037 0.012786445289553833 0.016023091657188526 0.01486410335260484 0.01664653578781322 0.011329465695386905 0.018346160394891387 0.010099670025704631 0.01670239645802415 0.0122737335089997 0.2930319255245536 0.01982321198389115 0.001178425177677262 
0.08124490132761748 0.059011751474029296 0.061608567917669894 0.05089928369262418 0.06119816058421982 0.06304251522962238 0.04004286123463167 0.21291268641363348 0.033690313388511854 0.7871107158345694 0.05059350971282812 0.037272003453028654 0.05160940891929627 0.053988478300216504 0.029395796059031275 
0.0845016739708819 0.07604529187372855 0.06937635296029526 0.05733416895375847 0.08502718721504726 0.07256702972005258 0.06298173812497912 0.02839410004111014 0.05465282596212604 0.7969313651976048 0.04748583878990024 0.038387696148803434 0.04868888898951022 0.04207661475255658 0.029485009737023754 
0.07634181319048627 0.06870201729069486 0.06267702107279441 0.05206550414459537 0.05390606309993563 0.14992919498436239 0.06075816066354935 0.05622792344535441 0.054873329352111776 0.8001466804995767 0.05144085510621239 0.0390153082601788 0.03751466171544416 0.04058635739008253 0.03583233253172606 
0.9096761690643487 0.013293083669139017 0.009565096923644862 0.014625314787662156 0.018855775230861366 0.015997763223003943 0.019023487653421798 0.01171685420849136 0.020918135277101367 0.011515557441141955 0.019067873547166114 0.014379164561711882 0.01712387506538865 0.016559849030781372 0.0012880188800976945 
0.9360211069523325 0.014013988901661188 0.00970807815890674 0.00216778294828681 0.018466414749177543 0.016342057101963608 0.01862750639081157 0.011489976714107557 0.02040159538224532 0.020441631390175827 0.016862495913236655 0.014243523091044883 0.01675139155261377 0.019860071769408832 0.005160256877435373 
0.08111875970165991 0.0822876492808092 0.07024977135402331 0.05777095232508933 0.051694870010476214 0.07995001304953192 0.060255027549213504 0.05568887432447697 0.057429777775070245 0.043950197027104676 0.03821750411607071 0.0348573703032584 0.9791685509719255 0.0618597505152264 0.02973687352660702 
0.0 1.442170802373681 0.06035049335814336 0.018866219947572094 0.0470466689068655 0.0020805833398996913 0.05145364605851252 0.03188950752453563 0.025668856948414708 0.06902959205188976 0.03492548684909777 0.018168529125978074 0.025547325728080796 0.0 0.026387338118908435 
0.0 1.4645771734799247 0.02423369624517701 0.008845993335290193 0.014260555292583665 0.0024516979722818007 0.016533919721682375 0.02019440354803192 0.018225673946728783 0.6546276717276599 0.023828081695508565 0.025535554746695045 9.83114959299357E-4 0.017931813689503848 0.0049254237216813344 
0.06526894792501656 0.026237606214085756 0.048281183360539416 0.03643832369666579 0.0381362041371334 0.020358021073528187 1.5560067972665899 0.02070607671751355 0.04162074648276987 0.22097756983558026 0.05003334936319037 0.037937006717419966 0.06581583266970359 0.061927404997008405 0.016010667197168295 
0.0 1.6061816748837716 0.020029078953516456 0.025028118573053617 0.016460634735066718 0.03229614888086317 0.026138007637140442 0.023994427001154426 0.022546426708893043 0.02986426915128253 0.021438831186372024 0.028096537137405442 0.025376134156933558 0.04164242354072542 0.004923709984674084 
0.0 2.032793741664678 0.008398897173311446 0.014407844440168217 0.018585492308709015 0.0031855583849950925 0.022940949588917934 0.02508359819903454 0.02046475976769246 0.020782282663837588 0.02357384931319445 0.025567071110387543 0.008250799206267942 0.012270586758561842 0.004680665965351664 
0.0 0.0 2.208354803403343 0.020796075714165953 0.013294474800729388 0.03329865440007493 0.02099881855492018 0.028980925682444685 0.019655099672401036 0.04366270107468162 0.37651460342367793 0.02829493627974824 0.025837884449393334 0.021279459459548497 0.016164699302754267 
0.0 0.0 2.219674044363595 0.050995252543654876 0.03826977923915278 0.03682549022506038 0.039980941941558344 0.0453565097753037 0.04591132967956327 0.038051519056909074 0.04555318689403384 0.03492139010140289 0.020327159115719237 0.016862008456210137 0.001310489953784133 
0.0 0.0 2.256118471596229 0.028859728760443376 0.01221125050462195 0.0340117024367128 0.04490512068039388 0.21213949121890027 0.018086747075704773 0.03462117177849068 0.044305618909549795 0.02892051552490487 0.015764834292597646 0.01689020001639526 0.004936709005844021 
0.0 0.0 2.3735158032537136 0.013336131902290565 0.03730241816679851 0.0406796363773298 0.04785537603046516 0.04497427418698341 0.04530744875902186 0.0371057748298609 0.04691955527109482 0.03967749362522984 0.024056142587384654 0.016972182390158224 0.0012961183218160484 
0.07985642061698377 0.05692261932545655 0.04164438446396636 0.015636285585710178 0.03445993065417091 0.020537213806564703 0.06789983897033508 0.029214360619112284 0.019309019893713263 0.028152242081093005 2.9023883574322955 0.04703204802003395 0.05074598139318654 0.039159169649397294 0.0355203303251022 
0.0 0.0 0.0 2.987511386424532 0.11371200527398163 0.04079240370390508 0.030968112447691255 0.0382058915942812 0.023292207054190262 0.05722043451336639 0.048771944151472686 0.04216647899613383 0.031258404541736805 0.05183270274630785 0.024156628041692788 
0.0 0.0 0.0 3.0000810659043426 0.05817421796414373 0.08382214274393815 0.030905165320601256 0.03821094875082717 0.02325145636937231 0.056795923015437164 0.04806097852230891 0.043711862154571755 0.031332781764724205 0.05099192102476376 0.04469877071360238 
0.0 0.0 3.090867413785247 0.02834743220897947 0.020765081402387465 0.002833261016102501 0.02799278917135221 0.025307133117585187 0.014448300462439096 0.019290781009117443 0.02308607649958749 0.027907229556763023 0.01734244615997073 0.021943322768463377 0.0020488651585142455 
0.0 0.0 0.0 3.2184071377666372 0.06337514266632215 0.039209018885092525 0.04167573609353899 0.030380734099400095 0.023392110249375167 0.0568824864597014 0.028378386378724817 0.03159063439846068 0.016450965567180065 0.11959191541615487 0.022872702037754697 
0.0 0.0 0.0 3.327530880683903 0.06552394873082268 0.0405384451241308 0.03179124877585311 0.04331609208374995 0.024179613188821236 0.05879745372056289 0.020835159258737933 0.03325249881411588 0.026057795375308525 0.05264525957823705 0.022872702037754697 
0.05105260095015622 0.024394174154954346 0.03424247606444862 0.030717585588604136 0.0076698389635647644 0.030508480195973492 0.019002137626665194 0.03278764323805413 3.416261230543698 0.06045921841741311 0.0683489666813309 0.05900962746155963 0.05201215298451397 0.031972455625355535 0.02984149221618701 
0.05171617583948655 0.024731724063956788 0.03469653677838293 0.031124712346216287 0.007771493980025497 0.03091283549877012 0.019941780894454825 0.03310301629654141 3.4681893833883204 0.057846767429229014 0.052076861039422835 0.059016065112126 0.05201782724616452 0.031835593517066434 0.02984149221618701 
0.0940864801930572 0.0205118896868446 0.003939281527632846 8.325374303184222E-4 0.014563287582105858 0.09395488795465039 0.06927613422520723 0.013627076766344767 0.04505170691141952 0.07551539738029377 0.03063585242185053 0.07750915997578754 0.08855175287394741 4.7326140564994965 0.0016576689767211494 
0.0 0.0 0.0 0.0 5.210955534997408 0.030751074603204382 0.03294838789932678 0.0441509599066076 0.026024901576199622 0.029308080942369297 0.0202946891427793 0.03077212653360957 0.024777885974669397 0.04485636221742868 0.03637658366950944 
0.0 0.0 0.0 0.0 0.0 6.053505249737779 0.029303103374191234 0.05658935338970954 0.04817909174864091 0.03750565533928464 0.0552566975709458 0.04142509798099676 0.05855257804873192 0.05233121257365796 0.025688018987724756 
0.0 0.0 0.0 0.0 0.0 0.0 0.0 9.800701842048449 0.06474002146454116 0.0739548732522259 0.004277377614353919 0.04994082265888617 0.07870488159302443 0.03665193855499832 0.09375215586929983 
0.10026408522891078 0.09093974193193427 0.08269605317529 0.10937009950572821 0.0816863252106543 0.07538670775291761 0.07644639752470024 0.07092610401082072 0.06537531311548385 0.05903848406157211 0.04784963132836218 0.1082861411877682 0.06475576381082679 0.04058838436756911 0.03586050785436397 
0.10074580595018387 0.09630456218173497 0.08481335788062178 0.11217035196536163 0.08340268640725473 0.09101693347977914 0.08040828394571746 0.07392079454009834 0.06813563435074625 0.057096532165085694 0.0496950963629568 0.04759085450924223 0.06474917551118067 0.040767935611738734 0.03564467109323642 
0.10935468749190833 0.07942912767867442 0.0829244122568789 0.06850984087387688 0.08237200878342468 0.08553589120348608 0.05394101469067946 0.2868108319826331 0.04538361229420846 0.055819579773415715 0.050592794145722764 0.03723351556603272 0.05160704271819225 0.05406223592135987 0.029395796059031275 
0.09836967638099145 0.06994705311878738 0.07312004989798125 0.07983737083336498 0.07981298932971008 0.05607303472672776 0.048987945612663675 0.3595167652101541 0.04724891354826066 0.05632416027320177 0.04782787669685692 0.18091376525639233 0.01952478277906767 0.05561220833744248 0.01845919896265086 
0.09685024713916171 0.07368861858534327 0.3699841868174292 0.07253773802608784 0.058011915154708694 0.04962406838602644 0.043932590300833935 0.043253942611890556 0.04708610701996552 0.0478149037003805 0.051046286712251865 0.04118319350148979 0.05977752646082779 0.037933715751399984 0.03056142032743122 
0.08086422071521857 0.07729942997326425 0.06807594645328163 0.09003420056529111 0.06690286886928994 0.40448599026628107 0.06166299889358499 0.03706545538883508 0.07262487032946102 0.05657902026415 0.04867666028220186 0.04648485057374159 0.06388600877073493 0.06170127275369444 0.03564467109323642 
0.08637578054406207 0.08315087970910878 0.08358978305185517 0.054246341517583084 0.0860149415251727 0.059514043610612716 0.07466187175168569 0.081444508407051 0.472818967684824 0.059239680577630474 0.03013055571139399 0.05104947693178863 0.03563778234800773 0.0449173575302069 0.040217972152615 
0.7210063407752835 0.032254654172603835 1.6340033635271702E-6 0.023434801953581014 0.0158900571660604 0.03191888000930789 0.03425285429357915 0.03480466446748 0.021919992413159162 0.04200803111127798 0.033729344313710184 0.03214988513380334 0.008635642739634214 0.021739554816593308 0.020410234981490197 
0.7700021770765644 0.01143443547073393 0.01661058333061602 0.012818752802274154 0.01606357720464216 0.014901660484181728 0.016688596591620312 0.010164679960217207 0.018346160394891387 0.010099670025704631 0.01670239645802415 0.0122737335089997 0.2930319255245536 0.01982321198389115 0.001178425177677262 
0.08633369240968168 0.08260062789266144 0.062309353744416644 0.060152803511229085 0.055226064660465785 0.0708054248221509 0.04580291287023732 0.05424412622181285 0.07044876672420168 0.04664445231462811 0.7944890874509709 0.04218602348639419 0.06672269406076123 0.04026377205628966 0.035270433223493804 
0.08541809848649139 0.07687000653907089 0.07012874267837706 0.05795596063600876 0.06023477009343175 0.07016407946327616 0.06089619067480117 0.056355661691889006 0.054997990240215996 0.8019644487484224 0.051557718120687636 0.038743658293543946 0.03758892352466183 0.04066669974668446 0.029571243197979644 
0.8900766624699232 0.013229672908006336 0.019201912973285815 0.010358130975109237 0.018898583343159445 0.016686529507956065 0.019048464326816464 0.011602026722422247 0.0209404176017782 0.011635443033286138 0.01701730564130484 0.012461074737149603 0.01772237884442993 0.019824873880842378 0.001178425177677262 
0.9060962247471153 0.013565957373320033 0.018975506510271706 0.0021684428767564812 0.01847203639724677 0.016347032041333392 0.018633177079288937 0.011493474556341022 0.020407806148701486 0.020447854344614862 0.016867629287466605 0.014290466042085039 0.016757410589644164 0.01986720780387086 0.004826096605017021 
0.0846771023799294 0.08554913392909111 0.0731687879940149 0.06548904088256045 0.054527034480478576 0.08058297830516133 0.02980474416640445 0.056010093340411744 0.05739530775914676 0.04362838178239729 0.03818417323853456 0.03482563963404386 0.9782772136987499 0.06342947016384334 0.02973687352660702 
0.05167547206539142 0.03790767636426204 0.03848148619273986 0.033446842699314125 0.03950150887312901 0.01831348778512218 1.4473555378458158 0.06098345540977615 0.04239482004839552 0.2309964340624468 0.04993896050787276 0.04479460312575913 0.06742892321090183 0.061756968707626966 0.022147383991315342 
0.0 1.6042068408073764 0.020004452780615387 0.024997345976031118 0.01644039603921916 0.03277025196361149 0.026433039453703303 0.02399448490239862 0.022544606833178618 0.02986426756361762 0.021438876326709287 0.028096537137405442 0.025376134156933558 0.04164242354072542 0.004923709984674084 
0.07049611159937706 0.02833888509883208 0.05289946536793376 0.0394972464300487 0.03606203508786892 0.021727196857547138 1.6606111436044324 0.022098066536620775 0.044418641507787265 0.05954034013563685 0.16643977816523253 0.03937287390353371 0.038825676910302184 0.040082339789044324 0.008756310864650833 
0.071715540006197 0.028829085774062332 0.053932082072761726 0.04019178775959157 0.04676992681949211 0.022417642245461136 1.7365960339761166 0.022822735410359278 0.04812155075339142 0.06162825763888977 0.0292984847951754 0.03779025996252697 0.06563469466943836 0.061756968707626966 0.022147383991315342 
0.0 2.0130943297795185 0.008437568241927318 0.015308843071376753 0.018434808857124434 0.0031012108498168576 0.02278788859083581 0.02491624154446564 0.02544099350939578 0.020778068096311452 0.023569068626616924 0.02584536804011406 0.008251360545062692 0.012216338830778979 0.004680665965351664 
0.0 0.0 2.211224008542254 0.01941224079757161 0.01325765157887908 0.03320642332237765 0.020835581730755733 0.02889505570875322 0.01959686195735128 0.043533329258416534 0.37539899726793574 0.028211098880606245 0.025761327251661848 0.02121640879498443 0.022865431221187754 
0.0 0.0 2.3206758557860225 0.029685531403636577 0.012453484238776699 0.034973705668009294 0.04617523855457791 0.2181397458788343 0.018598321265877887 0.0356004135316535 0.016607468532052444 0.02891993888256136 0.015764670257953875 0.01689989396298883 0.004936709005844021 
0.0 0.0 2.467926949702136 0.04324985912885353 0.048620253853750954 0.03294193638463624 0.010075924390015338 0.022980108376773303 0.04428731532149168 0.03442715716625917 0.031118982926808175 0.047225758651864805 0.020223967832414945 0.021812329976268707 0.0013544527926780386 
0.0815170003824985 0.06054324080940899 0.03140943132713567 0.015111816115141138 0.023458763452262183 0.019525728919488877 0.04140575296746646 0.04352252631726826 0.05449484978688559 0.029070745749273475 2.899732645425114 0.05843781987696274 0.05113136149482298 0.039319926426445814 0.016649472430208343 
0.0 0.0 0.0 3.0016536641858393 0.058204712031866605 0.0839491690243123 0.03073146667934656 0.03791393765014288 0.023114217444907714 0.056783179136135856 0.04827333638684552 0.04370979201223951 0.03106149889566203 0.051506193701086556 0.044499734772177994 
0.0 0.0 0.0 3.0422296448243697 0.05990595021431958 0.0370626942119826 0.06542548089711231 0.029596374513375698 0.022788180605956866 0.055413913534978994 0.02764572273342809 0.049333709330295794 0.026812461000397362 0.11959191541615487 0.022872702037754697 
0.0 0.0 0.0 3.051136839329517 0.0967378250197757 0.04079240370390508 0.030968112447691255 0.0382058915942812 0.023292207054190262 0.05722043451336639 0.048771944151472686 0.04216647899613383 0.031258404541736805 0.05183270274630785 0.024156628041692788 
0.0 0.0 3.113587710202421 0.021098306529057892 0.02059038402729398 0.023439873099756373 0.02099456563543778 0.012558927337621045 0.014496060630385655 0.01953583614971693 0.016378465672729985 0.027943156112479318 0.01737472992383977 0.0219841712764665 0.0012290218897706862 
0.09711535860530637 0.01244586480834557 0.051059109520435804 0.058188096516214385 0.0030066075375028284 6.512758342627692E-4 0.06673318101877633 0.008908255235047085 0.031027471776576696 0.10018283799511771 0.0591335403547982 0.3501272572617336 0.045493142476800405 3.306588945210027 2.2515962398879635E-6 
0.0 0.0 0.0 3.381282130020551 0.043726584738508226 0.0417214630653267 0.029370232385436304 0.038945387980131266 0.02374304074020803 0.05832796800502657 0.029325873610011537 0.042349420348378505 0.031304867821578264 0.051909748181222015 0.02048185517412567 
0.05107603756083828 0.02440537273743476 0.0342581956862774 0.030731687046338597 0.0076733599404873445 0.03052248566013295 0.019010860898220308 0.03260737482491409 3.416261230543698 0.06045921841741311 0.0683489666813309 0.05900962746155963 0.05201215298451397 0.031972455625355535 0.02984149221618701 
0.0 0.0 0.0 4.59641870795409 0.0335963966853656 5.184174708713591E-8 0.04926524667220354 0.0361147223598066 0.011901447861795538 0.039501893179396716 0.031491239750842843 0.0027000883731057106 0.017727866980994027 0.0049622690952402715 0.008872873610989568 
0.0 0.0 0.0 0.0 5.223088905059744 0.03106669779680999 0.024485338491927078 0.04334430758790489 0.02060396080252124 0.04051794880483567 0.04984286815792952 0.03146541538308202 0.008288849090972513 0.0419950448860685 0.03537421701617041 
0.0 0.0 0.0 0.0 0.0 6.106592856445454 0.05874509355046528 0.05924449486849439 0.05043962835578404 0.03926540015372976 0.05784931156833366 0.027501254710425315 0.06056627937753281 0.013072051597837893 0.025688018987724756 
0.08333032873694148 0.006402340046954094 0.008111412154861837 0.006202255516991083 0.01182004157159716 0.008458297773371292 0.012184209017457997 0.032451034576582154 0.05159209078213117 0.08433819508439465 0.08051194942139335 0.10599568938875102 0.013488928946246618 6.422094972015631 0.10384972664439118 
0.0 0.0 0.0 0.0 0.0 0.0 0.0 10.457713830080465 0.0554051296573855 0.06824722826256786 0.014915867231443277 0.039343617355262255 0.04609543132321472 0.01561127733101298 0.029320785868908704 
0.10086360799164633 0.09142312381737767 0.08316930770744319 0.1099960047730983 0.08215380125257542 0.07581813222528697 0.09730812250862912 0.07268210150906516 0.06705676931782775 0.060556956715415514 0.046794823014762274 0.04673757617486552 0.0638242896727398 0.06331844545849097 0.03586050785436397 
0.09875150035099717 0.07021855407817426 0.07340386691117268 0.08097405594800669 0.07675193231621819 0.0560733507558827 0.04898822171006288 0.3595187914564603 0.047243543430984906 0.05632416027320177 0.04782787669685692 0.18091376525639233 0.01952478277906767 0.05561220833744248 0.01845919896265086 
0.10332294192534247 0.07861337563457285 0.394710966435673 0.06741759793112645 0.06088435624498906 0.05208118797462763 0.04580688294385561 0.0451104053236983 0.04056768909247414 0.04967498379929361 0.04338835467670361 0.03807249152588773 0.026640234897068973 0.03999855372532922 0.019127669239528498 
0.0810052398867109 0.0774342325036695 0.06819466414427638 0.09019121127110631 0.06703673522826036 0.4052036482228941 0.06586919953603813 0.037296947509909716 0.06736704702692564 0.05666802419489546 0.04681001304055881 0.04648485057374159 0.06388600877073493 0.06170127275369444 0.03564467109323642 
0.08307037594021877 0.08421087915476197 0.08246802147879408 0.061187590584342144 0.478165283071501 0.07582139293118365 0.05754059604600538 0.043914153893459325 0.04811902504087831 0.06160782585796257 0.031243330770494994 0.037395301726378234 0.06816522696581646 0.020390196729932312 0.03017526528300736 
0.10962963972738242 0.09539503374738857 0.0704214382995276 0.07095059693074049 0.06055962033241753 0.057896846427575 0.03780104378414102 0.03900081297898197 0.059747514980293036 0.04887571101018707 0.04051798068714576 0.6302732087189166 0.05070185878045727 0.03938771688837054 0.02938469594437873 
0.7632566250754309 0.011153457156724375 0.01666575877190001 0.012703494324247536 0.016378056616367983 0.047651060420940146 0.017445371724947825 0.04293972463789449 0.02682764848384501 0.011107958986073595 0.052675615524528034 0.014516710413411902 0.016364507682074966 0.019878047058516434 0.001178425177677262 
0.78015027552841 0.011595799898603695 0.01683043708754603 0.009355040794207705 0.01607333554083962 0.014500582601415405 0.01668807287773637 0.01016436097689277 0.018345584664100422 0.010099353082492142 0.016725101369604506 0.0122737335089997 0.2930319255245536 0.01982321198389115 0.001178425177677262 
0.08636052703433406 0.0826263021894937 0.06232872101660662 0.06017150047482417 0.05524323027304215 0.07082743288117656 0.04586427158815988 0.0542523617590834 0.07047455669483553 0.04666155421404496 0.793085873617107 0.042186021356375655 0.06672277755320287 0.04026377205628966 0.035270433223493804 
0.8564682521216238 0.012515557208807825 0.018457936414628 0.015467698944914059 0.018427258571770015 0.01630590494916986 0.018616405659937846 0.011466126242334453 0.02047050988034413 0.019987677056402038 0.018893568919065552 0.014261402288960601 0.01675532824132039 0.019758683325950904 0.005134795597786929 
0.8765796884072632 0.012809445313545735 0.01889136241874153 0.014578880230995406 0.01879590919883643 0.01594697121929634 0.018963089143832983 0.011679653851534993 0.020851721367247836 0.011478996190166284 0.01900733411484653 0.01437637519900276 0.017070444485351745 0.019878047058516434 0.001178425177677262 
0.08478454151218241 0.08565767950346727 0.07330469069009189 0.06558070089523793 0.054614922067757206 0.08069758927232949 0.029637703304263026 0.055697240485347084 0.057429787388626814 0.043950204384223604 0.03821734786430217 0.0348573703032584 0.9791685509719255 0.0618597505152264 0.02973687352660702 
0.07209864650336767 0.028983091587399017 0.05421986441028202 0.04041010596890319 0.04237754872396727 0.022399500631397742 1.7250320114426927 0.02267075842699862 0.047065155369602145 0.06117398146345441 0.04485269618397375 0.038057534636804564 0.06609890136334517 0.06219374987060574 0.008858610528531385 
0.0 2.0165004132009754 0.008451844304842556 0.01533474508491668 0.018465999892684527 0.0031064579873730795 0.02282644488121479 0.024958398931724746 0.02409485839963309 0.020778068096311452 0.023569068626616924 0.02584536804011406 0.008251360545062692 0.012216338830778979 0.004680665965351664 
0.0 0.0 2.217365699002501 0.019466158434888265 0.013294474800729388 0.03329865440007493 0.02099881855492018 0.028980925682444685 0.019655099672401036 0.04366270107468162 0.37651460342367793 0.02829493627974824 0.025837884449393334 0.021279459459548497 0.016164699302754267 
0.0 0.0 2.2840405001055566 0.04002729087507399 0.01187277859791886 0.03523605592060911 0.009345448946074503 0.16517694587205334 0.04384996841607952 0.03691925791532368 0.031792626889362206 0.04672814596448112 0.027118866625376284 0.021592704565956956 0.0013544527926780386 
0.0 0.0 2.4811196256614703 0.04348105777792322 0.042429297765505726 0.03280127834768131 0.010594027990139488 0.022702910058699493 0.044143563903978576 0.03716644914332342 0.032005492990304536 0.04704101216048114 0.02022818240865627 0.021592704565956956 0.0013544527926780386 
0.0 0.0 0.0 3.056564810510138 0.09690992157064644 0.04086497337329483 0.06106211433975612 0.039691391379807914 0.024197841424691967 0.059445246961142735 0.05066826719363871 0.043805972092390975 0.025640477805631365 0.012981683456355513 0.024156628041692788 
0.0 0.0 3.1796442837540804 0.0215459193688971 0.02097144389487122 0.002867026655011348 0.020358602481256607 0.025310301926093928 0.014464238006158424 0.019341057096985432 0.02308642777203077 0.027891235290823657 0.01734244615997073 0.021943322768463377 0.0020488651585142455 
0.0 0.0 0.0 3.407862325295872 0.06710579234008343 0.030666848811042275 0.03203195317610262 0.04364405573310779 0.01835799397567552 0.05968054340207497 0.020844167634100824 0.033250151620040136 0.02605595603375186 0.05275764778784208 0.022872702037754697 
0.05125810866665087 0.024492370739125482 0.03438031611436103 0.030841236504582075 0.007700713219958142 0.030631289376742126 0.019078629046093278 0.03272361056040837 3.42843920067791 0.06067473781319067 0.0685926107175386 0.05921997949038956 0.05219756106747861 0.032086428059969696 0.02038774897989048 
0.04290475809764409 0.020517925408776398 0.028784930307354885 0.02582167440643508 0.04524895553683811 0.03504263451546189 0.023230275274540715 0.03405664684797987 3.5681008634947173 0.0606517045841238 0.04848860826448871 0.030953222506964688 0.052176370521680136 0.03193262408411211 0.021614173310662253 
0.06687980189052417 0.005107211922924612 0.01152013554449351 0.010402785032157197 0.09466228282439332 0.018724623965065464 0.04411134760542357 0.11080666306062695 0.03933769969689245 0.026403963312079917 0.027039749894973344 0.10775648184482897 0.08639123346568749 5.0077801934704 4.787494351556889E-9 
0.0 0.0 0.0 0.0 5.224660051210996 0.030840217887157816 0.03309531817416534 0.04427127188324566 0.021434538600765402 0.04132574306784452 0.03146005671593226 0.03139966712534837 0.008434129898425171 0.044886822706215884 0.034847629832097174 
0.0 0.0 0.0 0.0 0.0 0.0 0.0 10.49528718263808 0.055006206896077194 0.06824889787170577 0.015018184446679007 0.039461790800332915 0.04101791266762998 0.016207390877073232 0.0293705041199685 
0.0 0.0 0.0 0.0 0.0 0.0 7.483469902057845 0.03506510105131304 0.07277613914020445 0.061720333117218515 0.062643796828643 0.06696473974675206 0.02657659658501084 0.06209658985367798 0.03495812469811968 
0.0 0.0 0.0 0.0 5.2250477712766035 0.030842506528176616 0.033097774165331835 0.04389870450300096 0.021427628899756076 0.041064453148327684 0.03415825162903546 0.031462178627112446 0.008450920844772442 0.0420017066699931 0.034847629832097174 
0.0 0.0 0.0 0.0 0.0 2.0450100352374307 0.05334030561207225 0.022868346423202218 0.06120687569778217 0.02416857767474616 0.011963323961083924 0.07577829125539681 0.08681622701014195 4.639859550440693 0.03483323017940517 
0.0 0.0 0.0 4.6178410511680985 0.03375297805583614 5.2083363826053235E-8 0.04949485521959466 0.03628304078913759 0.011956916459640594 0.03968599805909963 0.03163800970132837 0.0025586425641932224 0.00829958698246214 0.012762300490863876 0.0046959478431644365 
0.0 0.0 0.0 3.4353710806825735 0.046118538532870554 0.040591137720720524 0.032039609661330154 0.04338505810132203 0.02421811092829511 0.05889106849584423 0.020868332102603377 0.03330544201160231 0.026099283475626275 0.05272907909478393 0.019092294179087407 
0.08592882077338176 0.04592026917635467 0.03573130202500934 0.014728933856398528 0.0037401764719254115 0.056979692463847494 0.040675678882884835 0.04256225837373496 0.053340373145156154 0.030756407707132415 2.8488881285383534 0.14345293717725696 0.06577363784593095 3.5654248390109384E-4 0.06645158785247779 
0.0 0.0 2.5022239388771452 0.043850906072541225 0.042790199827745325 0.0330802848272417 0.010684140406569198 0.02289602018520472 0.04451904745158759 0.037482585606766226 0.03227773054858405 0.04744114129748417 0.020400242591857746 0.015526560864251861 6.580843916720053E-4 
0.0 1.808523611725679 0.007580142254309347 0.00926836517608619 0.015885143342097133 0.002741710344773083 0.02024540574109351 0.009991103437585148 0.021894288700818616 0.017975551879194893 0.020390106235009742 0.022359381627227864 0.30844234626409645 0.012273302134867258 0.004680665965351664 
0.0 1.6042192478449337 0.020004607496323268 0.024997539307091973 0.01644052319028592 0.032770505410820744 0.026433243888508665 0.023971369126097167 0.022544046381526888 0.02986352514756186 0.021438343363161173 0.028122370902333136 0.025376134156933558 0.04164242354072542 0.004923709984674084 
0.0849903040957464 0.08586556109511563 0.07314104557327517 0.06567186813520129 0.05487720206046316 0.08047714601441401 0.029328453128513263 0.05571653914057861 0.057465376652981785 0.04363614889497428 0.037954911164006074 0.03485663199848833 0.9791478114610102 0.06185844028016038 0.02980009149304727 
0.9417868330871354 0.014100312619644676 0.009767878220618777 0.002209072163074117 0.01858381493656058 0.016445951690710472 0.0187746253185416 0.011563576126737956 0.020632265320544095 0.0205753030135239 0.01697276290511216 0.014336664133334233 0.017076440972292942 0.019994725152704805 0.0010218389951232709 
0.09799629760226175 0.07467180290711926 0.07560201302594649 0.06254694104920629 0.0648538311689724 0.04342910979682704 0.0627861549084338 0.035458938606187235 0.054787143840001606 0.7999951165070542 0.050893387900212146 0.03863257586059841 0.03748115184638387 0.040550103737254956 0.038919927587337706 
0.0863754320624297 0.08264056272492425 0.06233947837728772 0.060111028792807636 0.05524323027304215 0.07082743288117656 0.04586427158815988 0.0542523617590834 0.07047455669483553 0.04666155421404496 0.793085873617107 0.042186021356375655 0.06672277755320287 0.04026377205628966 0.035270433223493804 
0.08591497920045288 0.08270728270945334 0.08314384457118759 0.05395694572978545 0.08555606520155966 0.05919654545213998 0.07426356228805077 0.08679399747576264 0.472818967684824 0.059239680577630474 0.03013055571139399 0.05104947693178863 0.03563778234800773 0.0449173575302069 0.040217972152615 
0.08324611373179323 0.08432497436038651 0.08263025407272451 0.06129809748319023 0.4790456044373829 0.07596098314099456 0.057481583221839716 0.04398703708103745 0.048198886944551524 0.06170328798781493 0.031295023171248826 0.0354542552237687 0.06816364457535419 0.02038972339104289 0.030245214228568663 
0.0761004323139783 0.07708668568439987 0.07553743682747584 0.05611307931662032 0.4380117258083722 0.06797849818150134 0.10112633455808842 0.0421583229584578 0.046195069658887644 0.061580252427446525 0.030051491643270582 0.04683248084674603 0.06612360949697602 0.06160375981672743 0.030245214228568663 
0.09547698449181209 0.09191228377284841 0.09239743328333447 0.05996214535126274 0.07436485639081095 0.20457410897424547 0.09203045502356018 0.10039093572150966 0.07053938212077018 0.059358268640682436 0.030191240964452977 0.04791496504605158 0.035626209787292286 0.045389211602092784 0.040236052894478715 
0.024385591425976495 0.005969401045267067 0.0016793226641584394 0.0063200710225968385 3.409432896731608E-4 4.367402301981453E-5 0.009728431290371783 0.0756432467980019 0.03344883958746027 0.07620533275972845 0.05661104861848153 0.25886934451477944 4.952658965583855 0.17515652258948367 5.481035846508138 
0.0 0.0 0.0 1.3101078097703533 0.055287597706227286 0.017439954271556878 0.02843085614915674 0.02973283726693924 0.0013904464736710295 0.03935045501592616 0.002116068614258313 0.002359608331812938 4.7178433319368365 0.06276300057137706 0.014564595833636024 
0.15877026453898224 0.006597459658641293 0.011609279634674584 0.013394496529175333 0.0302347130443774 0.02594079381786454 0.03605941499368079 1.5987423551673277 0.018810077687131107 0.15842948975358964 0.03927256212407541 0.05132697267865684 0.03434472792170775 0.1492923309244954 0.13789527516228836 
0.01962537778137755 0.0515167919881131 0.009616775065028768 0.017265518236940926 0.05945767054644949 0.024293492499132187 0.1011078200414191 0.12458039915930282 0.20757408480842254 0.24175397106182436 0.22676213352320065 0.36133572508650247 0.061372324687348885 0.20670941371152896 3.3991480897211273 
0.019747701650668154 0.0037221979862611322 0.00792650012006963 7.408339850716527E-4 0.007314506298927666 0.009222841452242315 0.005304118353668097 0.03496045010324556 0.06280524235596417 0.13347781674357795 0.14619772626948413 0.07094776165956179 2.6939213494444076 3.1525373285500513 0.0191218154074144 
0.025636625961495695 0.004860009269753633 0.005723685708773352 0.009333150362164852 0.44628734054871405 0.04172319332694632 0.06120959336463965 0.08763076333705615 0.09383254946626826 0.08287289091004667 0.1303213050740705 0.9099312546021288 0.33821994837091424 0.185116167454984 0.30194557698691343 
0.026161873642039864 0.08526491559018026 0.19675695866370774 0.0037954107272905133 0.004989764049231929 0.011745051116413819 0.07272413388495316 0.3038961052098891 0.15693126146917577 0.0866226135714978 0.04103539644275011 0.14149613068946282 0.06492043485921029 0.8609722308525152 0.12302138870168289 
0.2587504295273827 0.003969871103641946 0.00199525220746168 0.007942265798780783 0.015455711035755654 0.0015170218664115956 0.12927650497414614 0.004585363229328823 0.03561497216593046 8.30810158405864E-6 3.7934668057305077 0.05972211777847906 3.93170085095266E-6 0.08215432367920436 0.010612128455074442 
0.0 3.531130743781519 0.0022375994135411205 0.008292371072613085 6.056470550518448E-4 1.6371277559998752E-4 5.815874464145875E-8 7.639545991073932E-5 0.004316339061133091 2.7902405147644034E-6 4.135923243025397E-5 1.7638973588036954E-7 8.327501502216624E-5 6.98365603876777E-6 1.2589505752182237E-14 
0.26888365949833504 0.009910697084084786 0.0012180064694712511 0.011576094951971863 0.0035737850309923024 0.029448599814885592 0.02933979910272804 0.01470262653581659 0.0029299231766504704 3.3120376446374613 0.0323196826778609 0.03237324190049855 0.10114656772392697 0.004377439627475724 1.880653638645707E-5 
0.0 0.0 0.0 0.8675028696074616 0.04496166701715377 0.03990453185739339 0.045977484229219136 0.006206088968365654 0.04481730608399652 0.048610278540259046 0.12492950164616674 0.07226408490822339 0.23947538866160134 3.2236043188818297 0.01929970083052037 
0.0 0.0 0.6872276907259449 0.014410227489342193 4.2812322324660207E-4 0.0034753855331929734 0.009269242592082307 0.12669556390845058 0.022724976942253877 0.06494183716428381 0.08696727682546926 3.109980415132361 0.176105543086714 0.20127447889704345 2.056328420935909E-10 
0.023237913631683964 0.07573535333927799 0.012959022101018356 0.025085961423387655 0.030126287414463524 0.033066175492997854 0.06782958578978424 0.21960745069928056 0.11023868144238415 0.08370354033852125 1.0687877685426523 0.10888429648730678 0.17937167707628832 0.21455427305595354 0.1391909241804119 
0.030715681474692003 0.10010636180223802 0.017030229390042458 0.02783099496679936 0.03179493471828483 0.011059814787278355 0.06111621511082755 0.0706990899098684 0.6564206515980501 0.16401418593289085 0.12538165583465827 0.10350707908502606 0.3424115416127195 0.21450764405546427 0.1456590272933867 
0.0 0.0 0.3582894132137624 5.438788919773087E-4 0.7960850792573227 0.06790663615230236 0.09847410814709394 0.0696764610062471 0.0891876872523458 0.1833644236716809 0.12729680316233877 0.20077384470241233 0.19268611325018611 0.01982453506521004 0.03433847913289843 
0.0 0.0 0.0 0.0 0.0 0.0 3.1738786766707836 0.0011209445865273556 4.262219720419722 0.03831412143123549 0.03300882507306897 0.03096487468478772 0.01466069909878246 2.1195033569309644E-5 1.6029071363312698E-4 
0.02828116288530068 0.09217195217747726 0.015423183606893119 0.03043534432932643 0.03655047998154939 0.03434385603178127 0.2599289615402686 0.3182863675546143 0.15977358404088823 0.11933013764886692 0.22901997015190323 0.11782017674803998 0.0737751413835943 0.22051672192752686 0.015701260340788108 
0.030493769082862904 0.007123798957673467 0.0027004585383795365 0.04347643661033937 0.05957905063661888 0.08092975444128173 0.05282705293349201 0.027610624719754482 0.031916997723315806 2.2676258720185984 0.02437092489433979 0.2283875403772729 0.1438278851412076 0.4184112035770096 0.11041644626921823 
0.02808134325678091 0.09152071427333797 0.07233916530917733 0.0036908062636463145 0.011889136776344006 0.05179369559041117 0.07635015979478234 0.04419509427395459 0.12418358423605733 0.6662683508706008 0.5081490333730805 0.02973386846588291 0.3792685566637191 0.11193955404162308 4.3081465945791E-4 
0.0 0.0 0.0 0.0 0.0 0.0 0.0 0.0 3.5772041647712647 0.052665558907630784 0.12554591038275506 0.11674767577349984 0.0760510444375535 5.641325171919781 1.934105765040049E-6 
0.02164348591411435 0.07053890806118601 0.004277385319362869 0.025397159357434026 0.025888149263508697 0.032810574388319136 0.18041506308706992 0.1325001489485777 0.4120948138116362 0.015257652978428458 0.16891045172890662 0.6805943760543456 0.15414142215699064 0.3066761051703641 0.14155030157087656 
0.026936904076888105 0.016575914931885948 0.15942451683657055 0.030284890555670196 0.09708349191293567 0.06054460658980935 0.7204230552800616 0.22247006696825944 0.21149045692290663 0.047234349511729966 0.05745488200756242 0.022969772011956123 0.09561499656234142 0.036140535871814636 0.004807390455704667 
0.039154592607512105 0.0061066836612021945 0.0032315232061518547 0.001189469300328025 0.4784566496029795 0.05258059476075652 0.1800148894321964 0.8191622949856829 0.22296607321922846 0.004705186886724195 0.19230873376720634 1.4277145231432548E-5 0.27020344784359074 0.12342986194301545 0.04657682076410194 
0.0 0.0 0.0 0.0 1.7412185179596067 4.6846981322268466E-5 0.05531360324563661 0.08270484661195951 0.01723751852127741 0.030178388120473427 0.007760259409057456 0.015557111221074612 0.06891669187289741 5.167231875215194 0.010794774207215849 
0.0 0.0 0.0 0.0 0.0 0.0 3.410493015696719 0.042177395860331444 4.9891878719691446E-5 0.02197705720371238 1.0831625894035247E-5 2.1402760398561983E-6 6.440898405262951 0.027130411478183576 3.0457938537021764E-4 
0.0 0.0 0.0 0.0 0.0 2.683271830652604 7.435661477096087E-4 1.4398484263353396E-5 0.04529184948337952 0.016955426140123575 0.029196892674311727 0.04450646186711769 0.0037479678784020534 6.3946502421322045 3.2467931728493837E-6 
0.024639617593928746 0.007019792702895121 0.17126604758886965 0.10140270551887003 0.0025964702293939843 0.05084357877054091 0.018185471518115878 0.6613873724009143 0.14325416987131898 0.1224119733090876 0.0989215251072704 0.17333890856873196 0.21912244370179293 0.18337331714448457 0.037519126846982526 
0.02598672400562676 0.08469408036756775 0.014171907191580015 0.03409198966015555 0.03461874764381409 0.03252874615271519 0.45484914444620117 0.15588344926520367 0.19726770324347623 0.11936712904566546 0.23039251076810252 0.1179193234928371 0.07238010765447285 0.22051672192752686 0.015701260340788108 
0.0 0.0 0.0 0.0 0.0 0.0 2.149154973441214 0.15301509254526185 0.0267056577808045 0.15054201092190933 0.2058388013940085 9.039310652752067E-7 0.10893158641771987 4.370816316003535 1.2628451070059114E-4 
0.0710152840498195 0.0710152840498195 0.0710152840498195 1.0628256916854157 1.6468094062287681 0.10100938458244965 0.07103478687303406 0.14543680919112492 0.0917487210790845 0.10976702904322566 0.07462345506680608 0.13303300841830473 0.1851744250297018 0.2602725699256356 0.08513200484424334 
0.02472503622666074 0.005781037775580667 0.005185293281883829 0.004682366030485618 0.04260815311428648 0.04470134750086874 0.032174759999893825 0.06314808988416182 0.2957113897142235 0.17745222632292157 0.24154208314365935 0.12609577686130546 0.10109433336501453 3.1631826662449094 0.1341696042497323 
0.03330217692031586 0.10853608357457774 0.05110659022729909 0.03619143636042826 0.00820509327748969 0.07328582662569624 0.06970834662402546 0.09315020717484943 0.028041309946456577 0.07108810793842069 0.8423527819626828 0.1266287681912398 0.14386082299594716 0.21476285781261947 0.1456590272933867 
1.5449762641789146 0.002664030818006387 0.002069916361374933 0.012117939785681367 0.002544257087400928 2.0397903748961432E-8 0.0030869409559524615 0.003952181434482995 0.0030475541013516476 3.50677386024878E-4 1.34770290080049E-7 0.005034924476468765 3.9567766121758195E-7 2.0696768705070082E-8 0.001890958143482592 
0.0 0.0 0.0 0.0 0.0 0.0 0.0 0.0 0.0 0.0 6.193625189626877 0.004931500260803569 7.303715864329505 5.709925573350954E-6 0.011025450362830095 
0.0 0.0 0.0 0.0 0.0 0.0 0.0 0.0 4.152385504952693 0.027798020430182147 4.945069577906009 0.07575931833289301 0.08356420679497466 1.728229314873545E-7 0.015657107075556613 
0.0 0.0 0.0 0.0 0.0 1.3758696215014743 0.040701201675662414 1.6083767510414437 0.05725025874690608 0.11039079826160786 0.16221958480576837 0.03717284337896053 0.2912011771947888 0.30811731475472104 0.034036099711167445 
0.24728390757306049 0.006018047576406973 0.020241982715855755 1.1612900353855198 0.004806829179325574 0.07073107764390618 0.02034153388424543 0.04510178959469948 1.8350799130865385E-7 0.010564323653656952 1.7021213466126343E-8 0.03775212799998808 0.19588503911179 1.313478594176144E-6 0.013344219097697757 
0.0 0.0 0.0 0.0 9.471012211607965 2.6904929455925296E-5 0.003196988061412309 1.9382085195438017E-5 0.004107838772331094 2.6969676609793123E-4 4.957998467210286E-7 1.945229873298901E-6 9.223717768980307E-9 6.6164816923079585E-6 1.1370818601475798E-7 
0.02745667360386475 0.03236707070902676 0.010826619465487505 0.011016205002532758 0.05794054839727698 0.02986936830822663 0.04379156897604184 0.12486731321308428 0.05402614805894677 0.17668320845827168 0.10835065029537704 0.0887212971343444 2.1962771164476513 0.2928843343457343 0.3353509648384758 
0.0 0.0 0.0 0.0 0.0 0.0 0.0 0.0 0.0 0.0 4.635319797398644 0.7693953307938859 0.8114880563754873 0.25091112149239553 6.121711752193949 
0.04052572709537871 0.003766178957596038 1.7894910869126055E-5 0.007989140894347149 0.006659773810609759 0.009599051757776403 0.0381673869487547 0.13094062309881754 2.138744293468292 0.11354633331984991 0.10829679858466557 0.39890886992876967 0.032630708923002245 0.11370020482485184 3.815025091176576 
0.2908009750728867 0.00429860510634016 0.005339798243444433 0.004357541954547783 0.0017582849826999142 8.38066058664813E-5 6.085880186151233E-4 0.04575499254003333 0.020737741419693752 0.02875680987514586 0.007203145106812944 0.025252024608742745 0.14764425245173493 5.240535850282584 3.575048781429783E-4 
0.029667285413723026 0.013113453441495296 0.008163119855637344 0.013310937901474085 0.636494950337437 0.05753074602290271 0.08697500722280954 0.12451783871159917 0.10655230112496254 0.11535551148711566 0.18140166994784246 0.4579384582448923 0.046599356251409596 0.19389193483438305 0.00888492154136172 
0.0 0.0 0.0 0.0 0.0 0.0 0.0 15.467665515765708 0.004005130512448561 3.945194799271742E-5 8.646663334123488E-5 5.844376977185848E-7 9.008808348158804E-5 1.668624868121497E-4 2.436449688038734E-6 
0.0 0.0 0.0 0.0 0.0 0.0 0.0 3.212647787358552 0.04473800259172602 0.31033230196733963 0.3261330017712269 9.940099548782458E-4 0.29927486970860334 0.19964632870978216 6.018299393988098 
0.3084463107533436 0.005220321714517957 1.0267350696313908 0.009945605790689966 5.076969805975907E-4 0.06325564939056155 0.0014210251303226323 0.0031861974267601914 0.08993954800644692 0.0688301860580585 9.557047899830234E-8 0.0035899721898739138 0.037401420610680074 0.0 2.1641199757390078E-6 
0.0 0.0 0.0 0.0 0.0 0.0 0.0 0.0 0.0 4.724628075341074 0.004694649336852653 0.06681377008674122 0.12182621773043485 6.5751607229486995 0.01190420742859381 
0.1663594244833126 0.024023957759283485 0.031644454672517336 0.044395963507004456 0.06521066378756647 0.0710609596803148 0.06597389593212447 0.12393639736056455 0.14202504208999164 0.06342559487092995 0.07895262714224806 0.04426154632354714 0.07888191244318893 0.21758588288148736 0.14102145580683223 
0.16503502790660687 0.013470572336238551 0.005487779036668026 0.014817808270738064 0.03155801910903577 0.02928712855742858 0.018613653021048268 0.005276239543472672 0.04686689737029231 0.07465747354688251 0.10153574674976928 2.558737411339365 0.17449686199171488 0.035053387197985224 0.07692322139734326 
0.022458150437865917 0.07319400466483185 0.004438386836767617 0.01785249259651239 0.0603891892015345 0.02472996157675004 0.151861464593672 0.13533285828009203 0.31434308064110894 0.014799633629440506 0.14007014606664303 0.9828087051099353 0.15836411553487958 0.16878653673584626 0.3064829291270579 
0.0 0.0 0.0 0.0 0.0 0.0 0.0 0.0 17.984985603029674 1.8953169959123106E-7 0.0 3.017885599134171E-11 1.1877810016979884E-7 5.181017373517409E-8 1.9887784095506521E-7 
0.0 0.0 0.0 0.0 1.8792010831678634 0.05491206337617003 0.10620995949894768 0.008197196783032277 0.20074129598819793 0.02821183418302219 0.03234317772633846 0.09786537168059377 0.07058491022645165 0.1948498498940674 5.985842972798582 
0.015118541171204319 0.0492732727956441 0.11370279594570634 0.02690265234870774 0.043914236083638016 0.050047662712979384 0.04678393350014235 0.168980385710092 0.13496990701574088 0.07396722794870951 0.10596219052295719 0.2325012265172088 0.5558478346990405 0.29870524908098345 0.14127419463636018 
0.0 0.0 0.0 0.0 0.0 0.0 0.0 0.0 0.0 0.0 0.0 6.213195505870854 0.4730888325907609 6.145686057164601 1.7172559478324106E-6 
0.4407264673128676 0.016589949215805287 0.0020440368350242107 0.027322394502189023 0.005986215502518847 0.029788785195966564 0.04247727439246934 0.029006668128024594 0.003923653698044402 8.818587352361705E-6 1.6238836498457274E-6 6.713972497233754E-5 0.038244074709973055 0.007845430704239053 8.332887449103085 
0.0 0.0 0.0 0.0 0.0 2.3138045794948585 0.05759375036912538 0.07363398264146254 0.07836995171289118 6.204918242783802E-4 0.2199367506908088 0.16099822331053187 0.2167207455123029 0.25151367852542444 5.830523514011967 
0.0 0.0 0.5117278444603602 0.0513812452119408 0.035376560745286036 0.053195315478267294 0.03216664190080202 0.3047505772222723 0.2044984978598525 0.11426945852819283 0.20695568614966536 0.18032630581283302 0.21902515338515172 0.1832918994321446 0.03907810869392566 
0.0 0.0 0.4554910150064482 0.031830992031547496 0.15081875217346283 0.04599056828287155 0.03707464336681013 0.01179914818403011 0.09820043164228198 1.7129794284528443 0.18678395926700841 0.2051528458544576 0.0022278469888674544 0.05336500929341515 0.04150051822413757 
0.26482980013629875 0.01040543575640626 0.002451568526133584 0.002586324996875109 0.006789356055427509 0.010355829595710577 0.04316081075112371 0.0 3.308114933748643 0.03409209083602089 0.19030719441086624 0.0036701356827519554 2.295995224051931E-4 2.420438074635373E-10 0.12669783617744654 
0.0 0.6613664761272561 0.004532573560204995 0.0022472576284948004 0.0018926124513667028 0.04458097475086608 0.05598337337251212 0.004430462009264434 0.09004485250701935 0.16248098843152006 0.16711545064996464 0.20632359897985939 3.5592982458565614E-7 0.17452571874991143 5.828511884465832 
0.014555387097716975 0.0027593067951298318 0.0032496655855568826 0.0012611023560336059 0.2184318256459611 0.020421088527805713 0.02995855362880441 0.08680951895792222 0.1675496244618637 0.7173198655981481 0.12346205797572092 0.8620385227554074 0.3204182988390242 0.35942350750050855 0.30194557698691343 
0.0 0.0 0.0 0.0 0.0 1.7115353545969643 0.16769961802995292 0.1452166595279368 0.10274348961712552 0.09234370611638282 0.25870967455152966 0.2362816476914174 0.30939351234992113 0.5256172051753982 0.14230656295283917 
0.0 0.0 0.0 0.0 1.739693809921332 2.2875490580018474E-6 0.06350080587326001 0.0010899431425941699 0.031410948173171895 3.5682156500082827 0.14836349454997896 0.019371084598267273 0.09938252170972385 0.004349452543583021 0.010099406067797176 
0.0 0.0 0.0 0.0 0.0 0.0 0.0 2.3616283568494385 0.11218321968862928 0.12419032752476064 2.9209425795607875 0.06972791479567302 0.16802690681205307 0.29532163468134426 0.13880898160764588 
0.0 0.0 0.0 0.0 0.0 0.0 3.8543075160836295 0.05692496917362925 0.07512092591481685 0.00991494611985657 0.008510690331470585 0.039008054459320624 0.03411569999069117 0.1255206540974855 8.313600541889809 
0.0 0.0 0.36428507150120726 0.05335508200251087 0.13860571975700212 0.11796620056503102 0.07794677133805956 0.04940578668435117 0.7516697978436957 0.18019973857557725 0.13432472091461128 0.21089594636806383 0.008008399377551902 0.10537313735029313 0.03829545341871694 
0.0 0.0 0.0 0.8218603994737155 0.04997924545869652 0.021239900183568867 0.249507625199273 1.7438684041656929 0.02310579068355513 0.001407598390041892 0.049963171623785246 0.08435423040097291 0.03131957301676906 0.21705430620026758 0.13994469353588257 
0.0 0.0 0.0 0.0 0.0 0.0 0.0 3.243257299721487 0.0056838114037826865 0.11676156116334807 0.06703777029056125 5.1139589296745225 2.8041576829893903E-5 0.025579991736858595 0.31731710509286437 
0.3388668238739047 0.002311565226649318 6.604220325662578E-4 0.0027282931570103857 0.017805614079130897 9.259993945879999E-4 1.3211826786159805E-4 0.026765040552138724 0.0016600021975996507 2.5651618679963697E-5 0.016569664683238765 0.0531322909649548 5.705845824264975 0.02166293749214096 0.010988431140028058 
0.03056224533943606 0.011285239003673696 0.011783946301813869 0.003084829745147299 0.005102264176379507 0.021841731540249744 0.057783412836909 0.18670128556495794 0.10413000569141544 0.2547801902749196 0.1779952383017743 0.7295794629097361 0.7591220371930548 0.3458040711251618 1.0199177531542256 
0.2159339087644571 0.4524133494544345 2.1486332708331302E-4 0.022692740723178565 0.07170512610970417 0.015846006907090156 0.049185818478766276 0.0032280498698207647 0.08719146783524366 0.028429489862636548 0.0426298685383106 0.038572110464743646 0.04032446253795794 0.03697617855305346 0.006499002723463192 
0.017239362572211245 0.05618530288236245 0.1296983835645223 0.030958548165514417 0.020617468031596885 0.05187552751231177 0.10840482486995658 0.19191889681128277 0.15315864449189773 0.08390406546870423 0.1201729800800519 0.24969508479310434 0.13761822265937898 0.17827573990779733 0.9517662840849643 
0.0 0.0 0.0 0.0 0.0 0.0 0.0 2.515363089843372 0.26924275574016077 3.5129891211665183 0.03854698476390814 0.12156990227837784 0.08694519877061845 0.06620235279462255 1.3308835513270618E-6 
0.0 0.0 0.0 0.0 0.0 0.0 0.0 4.22763890582231 4.894944923240468 9.907220100537226E-6 0.018155343775059014 1.6482634404556488E-5 1.324147402554486E-6 0.0066305128245360825 0.011836401806942162 
0.0 0.0 0.0 1.232772856159107 0.0062875170220681904 0.008708647786590643 0.04957219448276588 0.0 2.860489781646734 0.031102688590910647 0.15969173233945583 0.41000866698811994 2.2796822266951645E-4 2.719510161010194E-4 3.716814725250334E-5 
0.03750923783679257 0.006996363799567036 0.018812224016954166 0.016458089568872895 0.028211473997865413 0.02893722084045266 0.008058995939819895 0.07333812677467341 0.013739195933084784 1.785735855546006 0.20084974730080685 0.22623163107261673 0.1551446754700548 0.2730978465617162 2.276457303583508 
0.0 0.0 0.0 0.0 0.0 0.0 1.8465132456892759 0.09056548340613964 0.22600361100599275 2.7409620387613085 0.07176626348189014 0.15929265352490274 0.1721544419682712 0.016137884975299766 0.018870941540979902 
0.0 0.0 5.133530530582324 0.012423964852612879 5.076680904766582E-4 1.7097737486991896E-4 0.001910267348419568 0.004048192429612708 0.002896182284970319 1.997364301512392E-6 6.579882083983334E-6 0.00392059822878569 5.806377003052498E-6 0.0 5.69562717658346E-7 
0.0 0.3423416378158791 0.04127545646060106 0.04822089390088184 0.004439262359087631 0.04364241398728286 0.07668173781946983 0.14111807662503148 0.1803158206646308 0.11462328216813675 0.14948925051770942 0.24947596662342392 0.16107637249366197 0.22966546938308285 0.015657207806197473 
0.03276137034795373 0.025020377375329545 0.14678297821844843 0.02200784739864111 0.09038164620952369 0.04012635204985866 0.02274613427123663 0.10728868319130737 0.22957182307383234 0.027251244039592386 0.5446059432201046 0.2507098522739643 0.24546525683574802 0.10860824341623433 0.01468590441579539 
0.0 0.0 0.0 0.0 0.0 0.0 0.0 3.646967706347312 0.005312794186127561 0.017210404698371835 0.058709394244944174 0.01725770007422213 6.171147387335821 0.03325347424807683 2.217408069497568E-9 
0.0 0.0 0.0 1.2592687403831504 0.00748491358606281 0.021494821179576122 0.06692523134290036 0.16644835371384112 0.09900740881089465 0.020240810701997524 0.24327158821433476 0.02311704259703284 0.14250841307786846 0.3159820871846305 5.039979766250228 
0.0 0.0 0.0 0.0 0.0 0.0 0.0 0.0 4.065687149725477 0.21373289507165544 4.838427452013453E-7 0.10332265766147239 5.894389119168149 1.4480418737078687E-7 3.275309097921283E-4 
0.0 0.0 0.0 0.0 1.9437456227155512 2.6161064768881183E-4 0.008840391408150171 1.6700179011318487E-5 3.931781397921869 0.047496297933438 0.05619699151314423 0.06888064943029372 0.0024092606701587083 0.029958949804498237 2.8610725096858084E-10 
0.0 0.4073258241290692 0.012299786283354333 0.014183551095724238 0.07864989794065441 0.02120574057410263 0.034692256884781524 0.0044240260384871615 4.3822478187299015E-4 7.48508148735767E-5 0.06707489228600425 0.14954681099702208 0.2886294578230431 3.1737881960536596 0.08922804284818414 
0.07273726671345111 0.01671743358679122 0.028781070182424314 0.07473963695971546 0.060644255279706086 0.49650823378707265 0.03762084006334281 0.09546325765248365 0.0694221576844963 0.12478317002492575 0.17617779204210413 0.04206777152991274 0.11495163924962143 0.15979328851418154 0.030951630063692052 
0.2316628752887859 0.012520461764284853 0.0033364007478917453 0.006074419713755718 0.04968499305160169 0.03135723357995461 2.0664887496012576 0.027499156597701732 0.07724659222644382 1.7319041548757527E-7 0.03334938678514157 1.2844650865789639E-6 0.04836240164937984 0.07426943691338694 5.6668588583870614E-11 
0.0 0.0 0.0 0.0 0.0 0.0 0.0 0.0 0.0 3.862883911085659 3.358165365974914 0.234804427601978 0.2957416054011521 0.14090366585345654 0.24446282089822102 
0.0 0.0 0.0 0.0 0.0 0.0 0.0 0.0 3.609914125671928 2.853677843922743 0.40443180392599437 7.158987721424487E-7 0.15611716262604272 0.32181673658262766 5.084790090235025E-7 
0.0 0.47045108631895477 0.006232547458289088 0.055814409763452866 0.018359135092906705 0.016141077155174596 0.019666275573833932 0.042559582069618906 0.0011647437385667286 0.05600033611205064 0.09537691409659185 0.0957744048524975 3.4718062403603507 2.2176680870231728E-7 0.039820853031303505 
0.20062813411533956 0.00279804487708622 0.0068640641986930095 0.0023745606287459034 1.2370354892641078 0.04805958058023532 0.059514082364814085 0.03012737035034369 0.09129699973003257 2.0661170026762407E-4 0.03084808515767203 0.030676718727948787 7.614041253636774E-7 0.310629863827642 0.09279957970432809 
0.0 0.0 0.0 7.256654147308623 0.008677988489082548 5.276625124922361E-5 0.0019534872437281096 5.486759771553396E-5 6.393774229067819E-5 8.293927599675711E-4 6.789548060027334E-6 2.3421115260653463E-4 1.9927908408716197E-4 0.0012655248264027154 2.2140579199940533E-8 
0.030082041608869025 0.007816588932063858 0.0045998632066010965 0.010722968470768686 0.00939849804272601 0.00633483786937254 0.02329514709174738 0.055345752354609284 0.1044774489280671 0.0908055209677953 0.16013313039395288 0.3962674124819907 0.28919108706356883 2.801457709486208 2.9311358769062803 
0.025250172043097374 0.03435977566566483 0.25006756100367217 0.40049707454701405 0.006725954175997394 0.08915820652264812 0.10160111502737752 0.047340435274639776 0.026496201161190978 0.10541082721382271 0.062453665863079905 0.23174150622239187 2.2597268087977284E-5 0.19489326261081924 0.04783915320108561 
0.03519138207529564 3.951300731025181E-4 0.004216528789787747 0.0044569211784401585 0.39196864035573814 0.07618397285506823 0.16963930193397786 0.05470369324364916 0.09071274180480782 0.10897908369515502 0.7894774717676444 0.1966425948314435 0.1747983699938479 0.1758687934359584 0.24616885100618127 
0.02186018013109379 0.013451898006334475 0.09191205334800562 0.023535980036244335 0.06813171692170741 0.03906272892177479 0.5407892467634469 0.05908903402430697 0.19064569248725483 0.23650620684666823 0.17302295881544694 0.010665571996325411 0.22218484222914459 0.38462239770970824 0.0028471482307620456 
0.0316310024729083 0.007388897218970554 0.006309296908095118 0.009885338917440383 0.005196051241550611 0.020605679181715433 0.06216819757265781 0.055047701492936224 2.273841494223905 0.15948782790917812 0.16459690717562947 0.09771812580340108 0.3144406796631538 0.2346749069880013 0.10822536320915878 
0.0 0.0 0.0 0.0 0.0 0.0 0.0 3.492951916801616 0.04929668058346148 0.016327134008077806 0.07268670531441299 0.030575211701591623 0.0035812555454889407 6.392328902103511 6.577641866972565E-6 
0.026388072793753325 0.08600212775782969 0.014390783483010641 0.03564506667073823 0.08203688129081346 0.040450211026355265 0.02611456102338597 0.11078232567491066 0.14526432194762431 0.08803680582023064 0.1686276765355222 0.5630834028100139 0.31552802525387874 0.30483420204377004 0.015701260340788108 
0.03196771575748005 0.0019164869838568508 0.0015450463195608288 0.009017073001400512 0.40375467550689437 0.031496756440759985 0.03813893128450506 0.1261824397154636 0.10620738394503822 0.16938199171386895 0.2552612616156845 0.20592756056975192 1.007858791614098 0.18946218836938053 0.08962033409821851 
0.0 0.0 0.0 0.0 0.0 0.0 0.0 3.0269693933007256 0.13653429549472382 0.4115179636924308 0.22381249545899237 0.2951610538520814 0.4916603326731548 0.5081749632566352 0.23707501979082501 
0.024765065350647056 0.08071253747342755 0.0062253285258374175 0.022604872878359664 0.04711355755864143 0.33321097716672116 0.12748124974576291 0.05884539546987304 0.17661772629366626 0.31255066928223885 0.02295659185103315 0.2461350174751491 0.1600305610203121 0.17186467633898594 0.10710204906596149 
0.0 0.0 0.0 1.1861373337434227 4.6838826012324925E-4 0.05462835401748077 0.012022748983271818 0.16433154565039657 0.029457498862201028 0.0025354706719134 0.09873955719677022 3.5309613028019515 0.20057933011554738 4.0860691649566916E-7 1.0646076554501026E-8 
0.0 0.0 0.0 1.0401218733485056 0.05286724273549569 0.043115998525803216 0.035318262721661754 0.16287322379217234 0.15886645601831026 0.19516812275837742 0.32480803171122563 0.10505284834792458 0.1418919814835938 0.39593754030074874 0.0010924326713982347 
0.0 0.0 0.0 0.0 0.0 0.0 0.0 0.0 0.0 5.528944990530374 2.3621988641636928E-7 0.006185570213216705 7.209597371631155 0.014415454006619633 7.190035920395799E-6 
0.0 0.0 0.0 0.0 0.0 2.744733710681935 3.5861066287530465E-4 0.025967991390154266 0.025223269433353537 8.680327372559447E-6 0.0017873065348305943 0.07933111009173213 6.172851026236981 1.6597426968038037E-5 0.0022426184310885347 
0.045373232773066687 0.008295661018622995 0.008155900933289998 0.0015442726297542066 0.010645104863476335 0.021777385053961085 0.00846637439158442 0.02989356045253774 0.24629510929752335 0.27563217548971963 1.3851351799382143 0.9414100994746578 0.137581231069045 0.21472318318521177 0.09955262144612839 
0.0 0.5415305704733511 0.8149623679439693 0.003977645657652994 0.047132450067969886 0.005546955118622627 0.0016914402041522047 0.018132302945154898 0.12066836777093533 0.07931311631708969 0.03727862576061417 0.1787490269986171 3.897063997081152E-6 2.2222439735402002E-7 0.00489503601269467 
0.030925153385414156 5.675860215556112E-4 0.004992109180733977 2.2835911659930047E-4 0.31410036575495187 0.08264352047501974 0.4163832513813762 0.14154270219938153 0.16071361959928804 0.035094959856032844 0.4111733291085787 0.10464273327334003 0.4404547447394825 0.18226780139064816 0.02065648980180603 
0.0 0.0 0.0 0.0 0.0 7.331380794054148 0.07893628120088322 0.06737309836554439 7.889584417080078E-4 3.8086081953486126E-5 0.08399119124166282 0.0022212732482710853 0.05534337308676579 0.035759225799345845 1.5873915584340564E-6 
0.0 3.4523271153142514 0.001860426569307967 0.008285778416454885 5.911344307201409E-4 4.6055411666902064E-4 0.003620824633173952 1.0692333059669503E-4 0.004235847845680985 1.8405889500736545E-6 1.3221852531918092E-5 1.7675742676859104E-7 1.2726137085817585E-5 2.6061355439472247E-7 5.3768255513643275E-11 
0.0 0.0 0.0 0.0 0.0 0.0 0.0 0.0 0.0 0.0 0.0 23.999528603695783 0.0 0.0 9.649930289253646E-12 
0.0 0.0 0.0 0.0 0.0 0.0 0.0 0.0 0.0 0.0 0.0 0.0 25.9973446955218 0.0 1.3562251195947238E-9 
0.0 0.0 0.0 0.0 0.0 0.0 0.0 0.0 0.0 0.0 0.0 0.0 0.0 27.997377642482075 1.0459487928684641E-9 
0.014928017557128975 0.04865233179981397 0.013991205795504514 0.015246255200277788 0.008738499356037082 0.03149374147897975 0.0300887585739849 0.34310667244028786 0.044058447914012006 0.20557532057401007 0.1982975839155982 0.18086654118186027 0.7757448752068917 0.9919760868918186 0.06052308076443375 
0.03876953615450759 0.0063065341672686095 0.008398205238801021 0.003272778723127059 0.04576530382702633 0.02138565053668478 0.01762466589346053 0.06660107144313841 0.15988718741320623 0.21346285463534664 0.2709760425234998 0.7290719709450912 0.2681396921196282 1.1630097031725397 0.30194557698691343 
0.024429257412606174 5.870407898984928E-4 0.0012639966700990633 1.5400086833200632E-4 0.22153187737208518 0.005292755594129016 0.01222374198930222 0.06073673363665047 0.26882521730090464 0.366055895246716 0.18646996256391762 0.7453017858576341 1.2825591058772012 0.12880190499681596 0.33675972233294826 
0.02577841440352091 0.08401517254608673 0.03684395016135407 0.016689762177960567 0.01548652135689155 0.016231390506577424 0.00928426117928935 0.16003708008690842 0.03812655566196332 0.2225537228737039 0.576475828250954 0.07044244918009397 0.8920264263519299 0.5045497950397494 9.027957047886247E-7 
0.02170177110607504 3.8502134916331907E-4 0.0014338641796708819 1.075653843029557E-4 0.21196329194552133 0.009444609675771293 0.041547502552746064 0.3477645638154697 0.25003063492471667 0.05273973032469442 0.5839382306209402 0.6451199711257722 0.3624467067924486 0.2909760981469678 0.2922104663610578 
0.0 0.0 0.0 0.0 0.0 0.0 0.0 0.0 0.0 4.631302750645061 0.0046373539272190345 0.066534290118051 0.11957851480282766 6.453848510505551 0.07436261727411411 
0.029941323360418996 0.012052917547225836 0.004663695160309968 3.334124957730622E-4 0.08794775436835144 0.018541009158060534 0.03092223698452391 0.020763960100686252 0.18133661880955446 0.6860232400245523 0.5276658414576701 0.17350099103168248 1.0033169329711165 0.17956184874618325 0.30485254298829656 
0.025257852343896523 0.010206414841055408 0.003865041663381757 2.809504830678405E-4 0.07410929220642742 0.0043030380301712886 0.047191527342661146 0.06023163028611452 0.3183411264959034 0.746185420893755 0.5739405533626782 0.25038748672749245 0.4540323089847268 0.23519241638063473 0.29638823604381215 
0.014851513750022676 0.04840299603952026 0.022114567379951836 0.01602988770350501 0.0067159932923160325 0.023288920545100733 0.10307341258291262 0.09777883230565548 0.5856242004298152 0.08876333858196543 0.2395605031140048 0.11810564966376014 0.2966926548590544 0.944293954695329 0.14610640665801428 
0.018565797212228518 0.001502091755425742 0.002985082662546725 1.1634372735332764E-4 0.21223073386699437 0.00981803675815067 0.05756493280050685 0.3734153402019815 0.45134334731771986 0.10299054090735565 0.52577108843701 0.38661699654354076 0.8696033048472466 0.015457432774990204 0.014819825132324077 
0.021911078057076084 0.07141102531832175 0.012148540015385519 0.019853282552955213 0.009740026192476001 0.04032119378723484 0.03989262792029172 0.05313502039365908 0.4933433337536198 0.12326745825871084 0.76817581830837 0.13889122931998737 0.34229560075428345 0.2155142003600435 0.1456590272933867 
0.01611287538861076 0.052513936070592085 0.01527125770960422 0.01648929057068928 0.009526410151602572 0.03433388488000412 0.03281997058001288 0.3719401250906023 0.047760961662112016 0.22285113229077438 0.28632297823163266 0.2030857314123975 0.8710439993011327 0.4349255628837675 0.06052308076443375 
0.022996245168001774 4.107319826332014E-4 0.0015160438666447368 1.1400289938515828E-4 0.22464875667578688 0.010009845579749963 0.0440340150683138 0.36857738979220145 0.19647378375139368 0.2829769225574803 0.5072091807289799 0.7320947976042278 0.4113116324526325 0.014912770250436892 0.2922104663610578 
0.024240817226419995 4.472538816090966E-4 0.0016015658267181712 1.20519620974967E-4 0.21008274891119058 0.013378875748155295 0.04470132743535231 0.374162986518676 0.19945124073533557 0.371899225895952 0.5373165557693791 0.5281145408811322 0.4101752205524489 0.014912770250436892 0.2922104663610578 
0.0 0.0 0.0 0.0 0.0 0.0 0.0 1.6627341366613524 0.17797793202325157 2.322196329058504 0.19190976519547356 0.1833024817732865 0.3309839304716796 0.23430934302890774 0.32095362308132047 
0.027130216520630437 0.0015353414780886654 0.004168812455366491 1.6262313878252465E-4 0.27289332839457464 0.018944514647900965 0.0796018368748602 0.51560672094459 0.6230822728593014 0.1725059774048482 0.12587432129467935 0.2289636757164825 0.41684450086680014 0.008236512766278866 0.24074117992071237 
0.027244229596833695 0.07151634606230538 0.034507003796555274 5.671488227510217E-4 0.04253452853894004 0.018525253468376184 0.3816326179214815 0.04875298727544246 0.008155285284952053 0.4299685010707962 0.10595051148400998 0.3616880151431973 0.6824887432854456 0.18396630523267157 0.0014807083404931934 
0.0 0.0 0.0 0.0 0.0 0.0 1.8187570073286998 0.08920412997391812 0.22260639188932646 2.699760711956448 0.09430991996150782 0.15932907505067154 0.1721938042822613 0.015931175323878922 0.018870941540979902 
0.0 0.0 0.0 0.0 0.0 0.0 1.6284595035860825 4.575869431521935E-4 2.181003812310519 0.15269504708107 0.15945764657849767 0.1731352005393321 0.2902344300938104 0.25358056398411705 0.11637148888203809 
0.0 0.0 0.0 0.0 0.0 1.8635694753554897 0.06818682595921269 0.013609300001521064 0.05657007025791594 0.07679849039733251 0.011963323961083924 0.07577829125539681 0.08681622701014195 4.639859550440693 0.03483323017940517 
0.0 0.0 0.0 0.0 0.0 2.1423358893912505 0.01187078547543868 0.0214133546193349 8.196974710702336E-4 0.040312054225857694 0.025685202066805756 0.1773519911281313 4.603578016378437 0.14586724774805138 0.0017511359487447451 
0.0 0.0 0.0 0.0 0.0 1.182377269414424 0.04020582116696723 1.4043310994297713 0.10856940123421666 0.19516953192802422 0.2173936288698743 0.03704432569920252 0.29336034174427833 0.31016736981817317 0.015223092262045285 
0.024823044147295754 0.0018943576635134887 0.007391363711179041 2.344730366804205E-4 0.3133735647940651 0.02270918902130988 0.10811456136784418 0.1653821482162653 0.10384271533543195 0.22119297903623322 0.3985513501900713 0.21045291164836544 0.19164213427023769 0.6516945658824111 0.2769921143451658 
0.022133149852459472 0.003322709240777373 0.004945371166573549 0.007771359416864832 0.3709534159286617 0.024012898131782964 0.013622380987846133 0.271621136283685 0.10563403502173194 0.16846760159362198 0.2784058960348308 0.19476765963690676 1.0081560892441934 0.18951807582113828 0.08785320091838675 
0.030772379400465323 0.005833608890782128 0.006870304558171235 0.00266981760120452 0.46184441992666464 0.06442247364604231 0.06650470018648695 0.009392340525752264 0.07600618457397623 1.0493973628651683 0.1806178307157182 0.2261461640820089 0.01372587055248899 0.336927873832881 0.43652600744125664 
0.023138665861302664 0.005938271261857138 0.008028688894230319 0.0021222968344730337 0.3926035842648721 0.008717225586107376 0.050970235180037606 0.11195498533884685 0.5938272964778405 0.18806505232296775 0.2998969730705202 0.2695121384187477 0.12543431479470207 0.21468865133135132 0.30022414706319817 
0.032434919165288546 0.00505866049749373 0.0029519157358025056 9.947671443221394E-4 0.4001389147885019 0.04404765473586283 0.15057874196057067 0.46992054867425387 0.16939072802434926 0.0032521027570830913 0.14591702220411998 0.35792858347799233 0.4306449060189659 0.12342986194301545 0.04657682076410194 
0.0 0.0 0.0 0.8189646101151989 0.04244598535506219 0.037671805499856555 0.06887528821590946 0.006274578783040272 0.04445523666108782 0.055223107764779227 0.12349729448203245 0.07238751937775115 0.2395203966245176 3.2242101759782593 0.018879133441865297 
0.0 0.0 0.0 0.7685479950054379 2.728252907144376E-4 0.035349896484730546 0.018694913339353705 0.13300475680188853 0.028082647670558736 0.053343198957776526 0.07961546255682558 2.8470769504526836 0.5015882457759493 0.16802980944839754 1.0646076554501026E-8 
0.0 0.0 0.0 0.8824320844188577 0.030614360434086905 0.021175733212447766 0.14557626436270635 1.5677983167091094 0.021218308708549054 0.16586366568378816 0.024119726857061635 0.08650239610654588 0.031792046306033876 0.1570491939748984 0.14260658849418162 
0.06471237395647852 0.06471237395647852 0.06471237395647852 0.4969957776616757 0.7515267504037529 0.1772891376911767 0.06474193796663742 0.17090896147751655 0.21402724066928067 0.2750419391512243 0.24571292668140884 0.11417585709471378 0.13907041989993263 0.5790086518195938 0.2340035556188251 
0.046412886581846044 0.011886718918955689 0.12861875601168996 0.003213410610840013 0.001040292208754192 0.030458561679863418 0.03354927556480908 0.12359188947931132 0.2477308540090591 0.15946243953781045 0.0958450915024587 0.19030833974162972 1.2651904005922412 0.18691633408182579 0.14260158174076237 
0.0 0.0 0.5074622564972865 0.06990901007424076 0.018562016336080504 0.004812141208192544 0.008849815111576799 0.09964217012626035 0.167880538695444 0.010695393416760209 0.09875675173499633 3.531576185538108 0.2006142590645619 4.08678071435438E-7 3.0610600825744985E-11 
0.03600712581614522 0.02749921222929538 0.16132515545737205 0.027680699140350064 0.014036381860810097 0.004576078015298899 0.08933367433856776 0.0976719780210672 0.4633493348208172 0.028842687433868627 0.646621530708056 0.15799540221101074 0.12222144979165987 0.10561957525679525 0.14138115960739583 
0.021980004645241556 0.003372828445327495 0.09081181439991942 0.017420385961042326 0.0016947762740965886 0.017964343978381404 0.07087660405470812 0.2745210108830135 0.10584967436992561 0.5675750413084917 0.4702146969712764 0.23050780779563113 0.30609012465418173 0.2688060174209966 0.060623338929871144 
0.03859112205877785 0.006252761025794472 0.16195885642348676 0.034499213226211356 0.09970935354321384 0.06245155341020723 0.11415537460437788 0.1572625400748233 0.7794341256351556 0.3043028074548163 0.05907569321473923 9.023760861392824E-4 0.2827895421425827 1.3986494030871138E-7 1.307314208059615E-9 
0.0 0.0 0.28506058581492066 4.327184388976702E-4 0.6333775732196074 0.08161433069938799 0.08223220550620051 0.058352312696691916 0.22115845439724335 0.1693113422418328 0.22479753397447416 0.28484372321200707 0.16871156845589552 0.01991661225369786 0.03314833365698877 
0.01950933070438821 0.06358342137458894 0.0013205666781098305 0.030979389061024747 0.027011262311947774 0.04340371161768387 0.07884618208285181 0.23297761483310778 0.27641500882788517 0.0917101915620987 0.25031213221714776 0.21584124507928107 0.31636232135813014 0.5168096860628472 0.14539676934720688 
0.02263957906807894 0.07378530393691064 0.030585934628178893 0.03096632480529494 0.04032264092065361 0.05091381549127891 0.04347761963089456 0.04073318933865956 0.10847686998845917 0.206662073385711 0.09578190745878187 0.5065791336156094 0.5578482724707701 0.2996594937152434 0.11452855702037881 
0.030927913796577732 0.10079805427268922 0.028594295397385856 0.03038083313401615 0.014461466429764359 0.061563771834663335 0.0610280527691782 0.12992752515039424 0.025477138937184455 0.0648691304722006 0.7751872909975676 0.14094341600617669 0.4296225613915059 0.22057693207813864 0.019318485555024027 
0.029165523675056714 0.09505419788822193 0.039224089938926864 0.0032734862790048166 0.010544830404650905 0.045937375126989505 0.12928895132374615 0.04291512039816839 0.06741647193845068 0.6116596967698283 0.5343145332342137 0.02760220632060638 0.4886817959066318 0.19517671322811334 4.3081465945791E-4 
0.022855907306223194 0.07449034552596191 0.02283473376367379 0.02276817539845731 0.024772636894874963 0.0520380613268741 0.049497800374733406 0.12493031279189554 0.38089946624598225 0.07347241845642048 0.2077696539542265 0.22870797668466467 0.3277515157236096 0.36079280337664676 0.1456590272933867 
0.024578976799200673 0.08010605091789744 0.013404189692661847 0.03224516575133198 0.03274338831514316 0.030766605933920662 0.43020915472295657 0.14238356720570816 0.18578549232567765 0.11291022165458434 0.21705509400574816 0.27542373264620124 0.07333120825977364 0.19630752064817247 0.015701260340788108 
0.0 0.26056076169217945 0.2588095835935219 0.06104458748430971 0.04843008974989147 0.01918330073554591 0.13822329287285487 0.08204665243669342 0.2288575938166674 0.07136040856730252 0.13493947521271263 0.05115011931161287 0.06492810847399685 0.11249850555035948 4.13215262747295E-9 
0.09778407482885668 0.033305531752794 0.004666275980324459 0.03514447019953197 0.03160080144333606 0.006852054502286 0.06300259040691922 0.08753349162963792 0.10325260065501568 0.0628521416288616 0.10900562251516126 0.10658692269251414 0.2085389829215498 1.8505840145946684 0.015235419413169114 
0.07662013721014474 0.014096186672682587 0.015268621105281849 0.02141559272604695 0.05267836453898237 0.037208276936752105 0.16142872203804245 0.07788696700486585 0.09036336104320619 0.18111430493976424 0.05587462619767427 0.11396685359108107 1.1748421705380474 0.16294190656342328 0.14102145580683223 
0.05295482337940463 0.019553793629906644 0.02041789757900217 0.005770574368174708 0.008888431415538054 0.037854473886220166 0.042755594382197344 0.1238975264277959 0.1373931675658666 0.2047088040764374 0.12053065276673566 0.8415708239547921 0.3958980377732811 0.35942350750050855 0.30194557698691343 
0.08207418246160272 0.008181335395842834 0.03448549253450543 0.024088992139775355 0.055929386111680975 0.03658349697401816 0.04953069763360915 0.05801203909217179 0.08262010959621577 0.13729899592799166 0.9140251547826024 0.24985068665034318 0.1549036933065099 0.23147615999029975 0.016558668192216686 
0.056591354602832905 0.008683455620757447 0.007936829304144013 0.01741444621578737 0.051165734320122946 0.056181165899753686 0.10626297765667962 0.13724801477330445 0.12905264924832832 0.6919913846130966 0.08245124883999773 0.23054669340130296 0.3064721634617084 0.26971213252370696 0.04606459074307869 
0.05564737892043259 0.0017402340409407235 0.006260097676637754 0.03738658277480224 0.09712278606398428 0.08266041315138276 0.054441735111090246 0.2296688440592085 0.6709034873780559 0.15739897577650958 0.11832422515808322 0.18577443729695048 0.2336190481545797 0.10536032019590423 0.03872401574387167 
0.1005409362967252 0.041568977929191654 0.05185956994584188 0.03273733363625013 0.029367488469586582 0.046227041702301755 0.025166231257458864 0.9581728935232762 0.0661708119952384 0.038717349017954844 0.1539283668809696 0.07868077191880475 0.17316051708572358 0.0409474159094451 1.5809203083260153E-6 
0.051461128452313626 0.018327972581305023 0.050211931335549194 0.029739929040348157 0.05486404629409942 0.04982876811572412 0.36845139356499496 0.058621787081549574 0.22579848004669348 0.11441870756832798 0.16561152980758842 0.2583934172725569 0.08815564438843627 0.17242730528407624 0.033914797549435965 
0.08507123405741782 0.0023795713049984315 0.002769011160976695 5.874257407821439E-4 0.5377731107180582 0.018573626387566978 0.08271939611165223 0.1006072661104874 0.1132121512237342 0.21451314622983186 0.1805066681931789 0.2194161580911173 0.14123524990668657 0.23040795457329533 0.09654768569359255 
0.05735105408368457 0.04926168750866612 0.014578582400905702 0.26663447936293533 0.05031271348572883 0.0766050269297532 0.11313227832703293 0.02662883064286298 0.15935107308496949 0.05974794407594765 0.27414467117375335 0.01319489863574319 0.2302202818853402 0.2069191721751094 0.002656448286651701 
0.07728289959777501 0.0021796210054463162 0.18144079169896654 0.03463930950897041 0.04178525911526503 0.049020870281625696 0.08566336242559117 0.07979148284242053 0.13032781965837537 0.11555774716473224 0.19612018444147705 0.23771942705379293 0.142213391492793 0.1930888920499677 0.015234628061753103 
0.03827132613890024 0.12473118085525443 0.02087133730368424 0.05020816224181696 0.050983932461429876 0.05134012241064335 0.033145062179460685 0.14060688477941286 0.18378893693966547 0.11169310917073834 0.2146247811437561 0.20793321958953706 0.07170688005449873 0.30431845895917464 0.015701260340788108 
0.028568909139021176 4.921026953775053E-4 0.004359148131627984 1.6703860971089012E-4 0.20653672253784683 0.021211402904807594 0.06899143237034176 0.08732217387220992 0.38588824315557774 0.3764839571798178 0.2547275650529863 0.14314425027277408 0.8212195011908727 0.11994166467516082 1.0171685011056635 
0.03173029089838546 3.5621323267676254E-4 0.0011939891954773354 4.2052437677591984E-4 0.2747341270300713 0.012787977305299878 0.04777515104703527 0.4539193778514284 0.5486477639108878 0.4580751048351055 0.26699416499796785 0.0628671110650677 0.25223577121646784 0.012604297402196957 1.08006294315539 
0.0 0.0 0.0 0.0 0.0 0.0 0.0 1.8895133956884385 0.20467642359730215 0.2980053924589009 0.6855437602223483 0.2706514351960591 0.36806727527310823 0.45486438785430244 3.028324318607624 
0.0 0.0 0.0 0.0 0.0 0.0 2.9090538302937 0.11219391284070138 0.08710427628058814 0.045028704730088714 0.048802624099161356 0.1798751032951371 0.03759639167993777 0.25216296297583257 6.196977997464448 
0.0 0.0 0.0 0.0 0.0 1.1948726823751805 0.09827926466436734 0.11636703154638678 0.07119442536721861 0.2560440046815664 0.33057613755041 0.20371773019359432 0.4061565944570135 0.4738672299510867 2.46769381954374 
0.034721247569002106 0.005396440095569577 0.0048845319365479764 4.041704973232086E-4 0.43313471415832067 0.08418511051312008 0.18745548237355283 0.0607218815090919 0.10010220223531807 0.20387014175890264 0.1641358265135662 0.18141433112450747 0.13956281443981913 0.20450311229772872 1.8838670618598397 
0.0 0.0 0.0 0.6892826373010065 0.04024462318525579 0.014192166403960173 0.03736487731108729 0.1954120355145145 0.2654834633970386 0.1957569264865624 0.2280122473352199 0.0231137715375022 0.20425312991419708 0.4482992442401848 3.469539513006328 
0.04413231837331179 0.14383290938507842 0.0018193207516026962 0.03231841631384669 0.02169285449739208 0.0545813030278713 0.05042789382866338 0.18427709992674765 0.14706019732612075 0.08056318639555565 0.11538739731216273 0.25330255833586346 0.13282481890618464 0.2832101687468869 0.9517662840849643 
0.10503802903670557 0.04436896654330975 0.024326271233934882 0.0433177726281551 0.034513670162604045 0.01371243022640849 0.09811837268665315 0.17798792628250093 0.18219619505202697 0.056810852117652993 0.10742688733225256 0.040721205530538755 0.2541352238203941 0.09826347484740841 1.8760033286369877 
0.1217713218998954 0.017584991669099256 0.02316302240309979 0.03249683737520826 0.07993615995195663 0.055846605784977375 0.09443616690997375 0.10322265315980851 0.11828810560800726 0.23976216572938405 0.07396777074527418 0.15087123928421375 0.07882718397192671 0.21758588288148736 0.14102145580683223 
0.0 0.22228808826919194 0.028418111845405686 0.028041135641775954 0.029406198328513974 0.03300926957187479 0.18101723574161832 0.1254654073300033 0.15902371969733722 0.16928941475806264 0.26498086434820756 0.24621196652234922 0.15896894185328422 0.22490018839253192 0.06012614647372912 
0.019075298337301518 0.062168853991174 0.14351083747997817 0.03415435732173724 0.022804079918183624 0.05737725279242575 0.11990183693083288 0.21227310036261293 0.16940208001299348 0.09280261822046086 0.13299082904346324 0.2761832042721441 0.1522193338415579 0.19719055982900607 2.6261407015150395E-7 
0.03174765132682301 0.004934278303789481 0.00503712924380559 0.005324305637288793 0.46825168270462414 0.09101052944473616 0.20265368298681055 0.06516930590420718 0.10834189244543767 0.22030147157982205 0.2438354824670121 0.20200799203101005 0.17956774707442247 0.18066737704192268 0.046778373142365645 
0.0 0.0 0.0 0.0 0.0 1.3516252755122093 0.08759645265660897 0.23885757896384102 0.11762885356421161 0.29218739581622877 0.36992109071755186 0.21397449655548917 0.1634766302957115 0.6282817729614852 0.1088213348681407 
0.01966782972876921 0.00959427793252527 0.00871111941296453 0.00508842721549109 0.03608049392481774 0.0041543767650683815 0.026506356045649673 0.012206366547128108 1.6347390467392933 0.2768801293276324 0.1322439447933558 0.28334088657887996 0.3773539842415853 0.5833336848730049 0.11163144190430174 
0.029780759582269865 0.009787034932341112 0.004308831665337143 3.132096477260944E-4 0.08261863461398795 0.004797119445623083 0.05261013077198429 0.06714751724102741 0.17423405936964703 1.1767241668350303 0.3219421963341744 0.25087886699675327 0.4549233380100104 0.23565397663829646 0.27246164588831107 
0.02110067633098969 0.06876982172127291 0.03141984960849623 0.02277880998871006 0.00953781017710433 0.03302047463803157 0.03316337331861956 0.11412535705452614 0.328758659234982 0.08718868747982585 0.23578818546314342 0.11679346019361625 0.28147100776299067 1.0292821189249926 0.1456590272933867 
0.016920935231518237 0.04441760613615418 0.008291551369056467 0.014886272207360676 0.10340860098813481 0.02461898792159314 0.102462509269395 0.0962396097211346 0.202768006323702 0.26920199135579737 0.36992448332904576 0.3818526519031951 0.06485709357888098 0.16040130626983035 2.2652828363726485 
0.0 0.0 0.0 0.0 0.0 0.0 0.0 2.580699096367895 0.2746217762903935 3.599924679234096 0.04038422143073959 0.15415964679461036 0.09031990401744637 0.014880932804856795 1.3308835513270618E-6 
0.0 0.0 0.0 0.0 0.0 0.0 0.0 0.0 17.054874547286314 0.0 0.00170124184515078 1.4135369961872538E-5 0.0071135456610177256 0.0 0.005246178121296428 
0.0 0.5355081460022421 0.10436284593141759 0.07352826825221248 0.006359246111687832 0.029077728766171877 0.10849295486066345 0.10965144585430431 0.18126730734539706 0.10517058031042359 0.004224035139986907 0.07975466452445162 0.09052925129161439 0.15089250940935514 0.0012236526143630418 
0.0 0.0 0.0 0.0 0.0 0.0 0.0 0.0 0.0 0.0 0.0 0.0 25.927849254167835 1.1766240577493684E-5 8.180978887805009E-6 
0.48387793688193903 0.007457840919111901 0.007853407865782595 0.01020230169982087 0.13938853883690114 0.004195963502161175 0.029219816548239328 0.1404150914634113 0.013805139061449312 0.04584738979692195 0.159294417778554 0.04638850439760336 0.11250668259578184 0.03325347424807683 2.217408069497568E-9 
0.0 2.157305346600082 0.028378863518857593 0.02770254327201126 0.0 1.194375910798544E-4 8.740290872278154E-4 0.05309155630439708 0.0034380029931665216 0.05679588317400532 0.001516348027797645 0.0010126217356250646 0.03877652829502955 0.023283418194451254 0.04165213752882743 
0.0 0.0 0.0 0.0 0.0 0.0 0.0 0.0 0.0 0.0 0.0 23.431659567196 0.004173685491655731 3.210208008658633E-4 1.3902769313719164E-6 
0.0 0.0 0.0 0.0 0.0 2.1978668552017897 0.055131379858747546 0.14825274014635725 0.2550624601065713 7.340035179319256E-4 0.04498527736916372 0.16434766063864975 0.15613910924945265 0.25151367852542444 5.830523514011967 
0.05854066436923467 0.1606977324030647 0.018412675389067015 0.031748351496393545 0.031629493349854446 0.07588849392133709 0.06902349995904597 0.058755635049577634 0.05668504911145413 0.08433918748559106 0.02863489848323686 0.24890343139695348 0.32060303400311213 0.29870524908098345 0.14127419463636018 
0.0 0.0 0.0 0.0 0.0 0.0 0.0 0.0 0.0 0.0 0.0 16.927487876196672 0.24027280317684913 0.03873795825428804 1.7240256815758825 
0.3765977368264405 0.003279148376924039 0.006280912286904332 0.013677999190290452 0.006362286708271051 0.014785506828184664 0.018324667031536165 0.03649628274316174 0.049756616177623836 0.28901612847020824 0.15832272261411245 0.07064000141066162 0.5750554480996898 4.9994926245387575E-5 0.7875312551604826 
0.32760206651352103 0.0021473964616990134 5.29217171619457E-5 0.054232900085050835 0.0062824769099616975 0.01798507978394447 0.1080434523141082 0.039754937251754385 0.12911314042310176 0.02387698534249115 0.00345468562107565 0.6085835067383414 0.22412283339276862 0.33496839524936506 1.337829309602627E-4 
0.25543147895461815 0.016788502477016732 3.935819476811911E-5 0.05578829375628766 0.030788166777718572 4.2011674762857266E-4 0.03984653347329347 0.0496569826185384 0.590258594128435 0.37758804266244306 0.040475312969685685 0.12951046104262376 0.08712738918503618 0.022623006351191893 0.04367974880195177 
0.0 0.0 0.0 1.5243341798246643 0.00906042471029499 0.026001986140696296 0.2507515449499343 0.0898198889778444 0.12616162911105008 0.025919561312747495 0.17003009017664966 0.027673645845318104 0.171388710485783 4.004524164154626E-6 5.039979766250228 
0.46641557573818215 0.004021973812481224 0.054883091385741586 0.11806997015844747 0.005533464045018557 0.001753120712675781 0.0018447942268253513 0.03670082378825637 0.019744352074677604 0.07347169696876443 0.24294180118769274 0.46585855534512277 2.2673463257963296E-5 5.431945938288839E-6 0.02283668398741192 
0.3239978312606987 0.0015974951835745629 0.032749296366597264 0.002035102310162263 0.03486044335239534 0.09854271201479113 0.07694114582640832 0.015976320724164467 0.01655036684444365 0.8250720363334155 0.15691843016875795 0.14282912841663972 0.026976932996895974 3.3813838278145766E-4 0.004214690438809777 
0.32780997658688477 0.004472055225437945 0.0041582482409864225 0.0013205016320346676 0.009242483549799906 0.0661060085665472 0.01818266599292793 0.03431836584933178 0.01035724020797457 0.1843838715314434 0.8165332280160178 0.2636994738476161 0.16792271202565345 0.06242657374860547 4.771621974543902E-7 
0.26024650236924163 0.017351252630761354 0.00980293434300428 0.08207285779918946 0.003249950980446363 0.03490181496974467 0.04108743194170019 0.15401470223642094 0.030484275751156406 0.04407461786244513 0.07184484241853957 0.12731620330318125 0.05395964813505235 0.2317426091546884 1.6405391931580677 
0.0 0.0 2.0758259296419452 0.005799678696946037 0.005993496524264966 0.027407337965677604 0.05727886694467751 0.09922930127686809 0.00325416008617434 0.1744035743488928 0.01454263923467456 0.14795778542254268 0.0829759393721311 0.08209916213192282 1.2332200272522405E-4 
0.0 0.0 0.0 0.0 0.0 0.0 0.0 0.0 0.0 10.801485683195233 0.022387959557695007 0.13387781877577848 0.4126960920477848 0.3413841300373757 0.021807513603702977 
0.0 0.0 0.0 0.0 0.0 0.0 0.0 5.711683930363338 0.5729674724229861 0.12463459635052662 0.20103819334109502 0.28796157182099297 3.146222493404574E-5 0.16348267857505042 1.2943716131926832E-6 
0.0 0.0 0.0 0.0 0.0 0.0 3.360097398375624 0.22367105592675995 0.08879576084688723 0.1905879875375781 0.11782977865910112 0.02718808584095497 0.4926060582349187 0.011325802206699601 4.3550374138536085 
0.2611882273509464 0.009864975845203575 0.012971644184538472 0.07862894668602238 4.934488938746583E-4 0.04839690296275781 0.1948405466110773 0.06433114746616589 0.06785086752498681 0.0033495038458327313 0.16628687867385714 0.0766477716765289 0.08609923205845027 0.3821407559009841 0.0737750231856981 
0.20501809171728433 0.008029286840684989 0.0023333434483861736 0.04064885092471838 0.006535360051025771 0.009968408562242608 0.010993105221996603 0.0 2.9374634082031816 0.02975891591168621 0.16888797247286796 0.06298439715936584 2.065462024646372E-4 0.13017528335765005 1.2846752102842196E-4 
0.08095107826954752 0.056038805701737804 0.06148757543033701 0.03931662288498637 0.07752087431082663 0.06566746441294721 0.040053553851729734 0.2519019093759964 0.26312978465825276 0.05512497574749149 0.23728241585818213 0.05817247510967021 0.06707282496328999 0.03816481222825159 0.029277522285173288 
0.0 0.0 0.0 0.0 0.0 0.0 0.0 9.601453864571477 0.08077443102554963 0.15073001428420937 0.004299147309750171 0.09388924017249896 0.0077636164870858995 0.0131461732051823 0.2490754055487035 
0.49893918480442256 0.027908920773900038 0.00480208007552674 0.011134368549787447 0.014992798904746621 0.023939109051598642 0.01942964505870603 0.016214427484906833 0.09341240982179268 0.05394558837755523 0.21254901401167633 0.20536556453686267 0.02735520858397707 0.04033115570881962 1.7331858058607878E-6 
0.3236535998295846 0.004579384197377201 4.336902302421235E-5 0.007034358649455218 2.9970564313776506E-6 0.002913702617650625 2.3926233303790323E-4 9.380101632850164E-5 1.2550385968174058E-7 3.177052406703067 0.026206864994386913 1.0342583261292992 0.0019529065663180401 1.5562415624893725E-4 0.009900532529092971 
0.1951269151626302 0.0016942280375334274 0.00285735416832605 0.022801459478465364 0.003642902644817797 0.13361533719663377 0.11964571234165361 0.4447807317897046 0.2749484526716398 0.03647661347973592 0.1545172798128858 0.2895437373740971 0.08818169120804874 0.016821691678573787 3.6960148973004883E-6 
0.0 0.0 1.3806602518603626 0.008061212758034036 0.055011232351437414 0.067486621141572 0.011897417376379773 0.4411819381708041 0.016032246199139347 0.12339715141676873 0.0399227208149769 0.23992313123014014 2.257589251472789E-4 0.013320728932513348 0.5158498607076247 
0.0 0.0 0.0 0.0 0.0 0.0 0.0 7.777935859201809 0.09708137813055136 0.1411046241713799 0.18572753421873525 0.09158380384848669 0.13919946578447648 0.026963885746183785 1.141825587612456E-8 
0.0 0.0 0.0 0.0 0.0 0.0 7.014829893714934 0.0750234528117204 0.004584920746372597 6.920130692116315E-4 0.25002169909855876 0.05492314820045966 0.44996799206275184 4.241108905049222E-5 0.033970270671765494 
0.12191920376990877 0.028482143167554725 0.010796886207087861 0.003178883733538526 0.1363092391987628 0.07659933703643299 0.01689778278298922 0.048889477996426116 0.01614892885120155 0.1598230154399508 0.024900020707051634 0.18742584201406184 1.8339247420997422 0.021449488100033595 0.11950861356507417 
0.0 0.0 0.0 0.0 0.0 2.274214968763255 0.06607274952884463 0.35272840599993455 0.2180448083998157 0.08437451472466861 0.12742519021092008 0.24242377724426506 0.18448628294072325 0.3168213104377102 1.7770990348448933E-6 
0.0 0.0 0.0 0.0 0.0 0.0 0.0 4.486352591831798 0.2131129044713637 0.2359226404760987 0.6001741639575108 0.07560533747236299 0.17050230116717385 0.17903836811983911 0.13928749916909966 
0.3430920276829532 0.0015680388457221814 0.003279987845200788 0.01198532574595799 0.04243593373890282 0.025541558450307665 0.12584021560746556 0.08377369172709362 0.06460624720583909 0.09248361110552505 0.02445984634682183 0.06915867504036297 0.5995782992159219 1.7479113349368983E-4 0.9782426736615386 
0.0 0.0 0.0 0.0 0.0 0.0 0.0 0.0 0.0 0.0 0.0 0.0 24.75024147273387 2.543348728727438E-4 0.10374259377038626 
0.36531007843251134 0.004983639796961016 0.005717475395947488 0.0014763420514057773 0.010632787992817663 0.05346960048371915 0.026727724806780616 0.03776602983367264 0.010506606501375781 0.06094116191767294 0.9295534197488838 0.2702715098646321 0.14660666544654385 0.011032839691779798 0.021113447160542847 
0.2833556705889249 0.0025805957858001834 0.0011948367117082716 0.05283061326053805 0.02148207019571749 0.1009239781542157 0.0998869212048132 0.08239641520374703 0.09968924476293574 0.014187152972373092 0.05113171166261176 0.14568882178138437 0.09877285932850292 0.0013493778019942543 4.3550374138536085 
0.2533138615645098 0.008317716204821354 0.015231066025240728 0.0015989576922650853 0.005518200198692266 0.037179818827387315 0.10231351069207828 0.005306229822076837 0.01805384696073411 0.20468685592413163 0.019463500245338338 0.03985887347193227 1.713538116398445 0.1776554688996361 0.10392116890552992 
0.12471130920809796 0.0017287705465689701 6.669151015006416E-4 0.0029294534922314824 0.009478196643632782 0.052014671675951585 0.043861286071532446 0.002697289729975052 0.034284472791813805 0.019160420742019475 0.08907743887410363 0.04586996136897776 0.42188108634281457 3.4534772550671757 2.8055638565918843 
0.09567988763740884 0.09567988763740884 0.09567988763740884 1.742711659651641 0.09582666348304109 0.1273174472670229 0.17727948916068337 0.4317320550929573 0.22640650417133246 0.1167824072865623 0.36424644611899504 0.17870304118606528 0.28648061241811473 0.12027766832664222 0.8221972045761744 
0.13533644393841526 0.0016364691717826124 0.03228630804136608 0.011564237201343154 0.02786831271458158 0.06339168403829197 0.02241427211333229 0.10066912359110831 0.019168212808697654 0.6384149847697795 0.02810187826962973 0.3665293717158368 0.26516272859382306 0.535951218772306 5.398689296441488E-4 
0.0 0.0 0.0 0.0 0.0 0.0 6.660033726786487 0.08908679205261037 0.228502960446199 0.12450764363390394 0.04350664370901853 0.037052357834481416 0.1017537331097431 0.004543453415309294 2.302156873582083E-8 
0.0 0.0 0.0 0.0 0.0 0.0 0.0 8.505521013502674 0.0374496112866604 0.10378361824021334 0.31357642696226096 0.20397980473716337 1.4997135502741994E-4 0.02759860443170226 0.001698356534797895 
0.2871363707824546 0.030449472439364432 0.009106079688143929 0.02275353363059437 0.05605800081507887 0.08655600788570438 0.04038828755499296 0.19033566827828957 0.29360760309522566 0.029319986620480798 0.3687086992455565 0.0014933792798419447 6.641260018178425E-5 0.030023785543297335 1.335570633439467E-6 
0.0 0.0 0.0 1.8418926840504288 0.014758998026359797 0.03866316398711007 0.20395381148617653 0.0679249470919955 0.03920813812390331 0.066475176152067 0.02114270327830283 0.03653659304372763 0.027494607412378125 0.4631460420966562 2.0131525552556497 
0.7800184351444874 0.007841765649635103 9.854108332354753E-4 0.0057632212727014975 0.0037796921761525373 0.0390803914604427 0.047849579738112734 0.02720872617257156 0.1270936714699089 0.013945193936281436 0.004832356591170357 0.03397939770364121 0.10342638423679383 0.009775595365760486 0.012752127372465429 
0.5335416662183273 0.002649251167473282 1.0872880282385315E-4 0.005977413355208479 0.0693596176070792 0.058296134843627306 0.0016039880721366096 0.2595230631489578 0.022869367301054974 0.18266362105698344 0.026378978334650027 0.09443870809268239 0.03519165587070207 0.005470727169470942 0.1340063124724965 
0.353813602762733 0.0048330518400604445 0.005992000649762144 0.0014355123311552722 0.008445804845861155 0.08723469464557343 0.02012446611058407 0.03785280182099523 0.010530746691121855 0.20394828871567847 1.0289497121777749 0.0016841474139377918 0.13768662639519486 0.06337683350305995 0.11306498025759705 
0.2081614103145538 0.005209051250540634 0.0058566303219814595 0.005906871427972741 0.0018956894423949838 6.641676760855412E-4 6.379613136464561E-4 0.22423169175368335 0.018624947043784007 0.5916720983150808 0.019283285195090812 2.7380051768998497 2.101309795500297E-5 5.0341675106671385E-6 0.9816741927841552 
0.5301656611347636 0.004439172986312185 0.00794562543459909 0.048927683717590514 4.0318723455843593E-4 0.04974795065669066 0.09287094353080991 0.06004983882608023 0.002113007468914281 0.03477996074967179 0.0024990783497714246 0.016737139793401357 0.3631329597618743 0.20453937600212252 0.003851062466692992 
0.0 0.0 0.0 0.0 0.0 0.0 0.0 6.59232902135186 0.38977023605257094 0.11990324793852696 0.0034794244931662848 0.25912185006823996 0.05850851018290609 0.03312430904269588 0.78989502600895 
0.4015824059447561 0.028238318146185614 5.645018203513788E-5 0.03471195062123204 0.003966380794328125 0.0451165567254545 6.625712824261358E-4 0.0015183810264804193 0.055585496584235485 0.12903692527393476 0.278927380289872 0.14647333332361256 2.1327771738981334E-6 0.04449174260654518 4.165898556623139 
0.05677677964234047 0.0031710000556121956 0.01540845082492588 5.419215489138287E-4 0.0014246242787503388 0.024261961864969577 0.0641862553842583 0.38899484021146724 0.3128524582138762 0.3814492010479314 0.42272134183392435 0.041599734780851605 0.8742344683325282 0.03744843153824733 0.6641760442982473 
0.28279486634705187 0.014279123414878534 0.00722573839435584 0.025639625233421 0.06514321251378433 0.044574196520584995 5.49423981353745E-4 0.04007043289317089 0.001579716518245855 0.002729118678726703 0.20096630974514426 0.2184605669880829 0.9523496787032169 0.023940622447723936 0.7439516187782715 
0.0 0.0 0.0 0.0 0.0 0.0 0.0 6.382793901281185 0.2997577371134559 0.0352951495872743 0.19088734385634226 0.49595052375174364 0.11195075845308336 0.014727254283937926 4.1052289717338417E-5 
0.37076510064296386 0.0235589168375534 0.10559077867113696 0.0017358243609102515 0.05195625946845193 0.04325772436052514 0.07954291514091118 0.1093609549993923 0.04209381745260158 0.01733537644145975 0.020521884203388317 0.05247384057067549 9.000514366393005E-5 0.06231731959418593 0.5862051869738484 
0.0 0.0 0.0 0.0 0.0 0.0 0.0 0.0 0.0 0.0 8.384084313328271 0.04187326616161404 0.4756541159651305 0.15977314378762564 6.121711752193949 
0.07477571983532325 0.07477571983532325 0.07477571983532325 1.1280826184430774 0.1293673940548012 0.11783103132274948 0.09366227131726958 0.08144944852437519 0.11062787034408622 0.11919612069928398 0.13700187983478287 0.3035510948995177 0.13871577439187008 3.298517644000377 0.09397936336880837 
0.35104312407030464 0.02826813146989173 0.0017800801096478284 0.07569481240880403 0.006634121371600558 0.13943728500277258 0.0369546196907886 0.017113524171151775 0.14293970552104032 0.016701565835093465 0.011455590261698914 0.06794882265041605 0.1744843320081951 0.21992524220003232 0.004144431806706126 
0.18430926173069556 0.014841704863242235 9.346009886949962E-4 0.07462361754253252 0.0038454866959514193 0.08082520568483101 0.2932090564811676 0.07903887553569247 0.10433788864516431 0.013767011855281928 0.10141045524077685 0.058225641148222027 0.15927037824593834 0.20074912233027084 1.0663620699339063 
0.0 0.0 0.0 0.0 0.0 0.0 0.0 0.0 0.0 0.0 10.243925505548136 0.47062005181501904 0.12554608832661016 0.19993837180558943 4.255378461317743 
0.0734841419208546 0.0734841419208546 0.0734841419208546 0.0734841419208546 0.0734841419208546 0.0734841419208546 0.0734841419208546 7.156346656606987 0.33489473490151345 0.23291627484401733 0.11115072494676129 0.1885269562922019 0.14704841513894185 0.26772575909558877 0.07348414194348253 
0.0 0.0 0.0 0.0 0.0 0.0 0.0 0.0 0.0 0.0 10.38205874232752 2.79734100165925 2.146847674991157E-5 5.143263900894065E-6 0.5371143096211501 
0.37019452810130477 0.01390396869290643 0.001685618347395531 0.3365570645051312 0.007784185092078184 0.035275739491496864 0.028469466271784868 0.19294702751412596 0.024282207454605017 0.05905290141268619 0.020925678371571638 0.033446074770045416 0.02124854491271316 0.052625981095099195 0.023806583906000392 
0.08749593870200383 0.08749593870200383 0.08749593870200383 0.08749593870200383 0.08749593870200383 0.08749593870200383 0.08749593870200383 7.219416848923257 0.23556740278276012 0.3421486447359217 0.0979466135967829 0.1699311589559072 0.25447186011017114 0.3123107410999268 0.08749593870199997 
0.3429277307145017 0.0015270475154096157 9.36645526957002E-5 0.0017000593621225735 0.028974343110310767 0.015764681515976712 0.2776410998365211 0.406981199177362 0.02138306412337119 0.30662870711916407 0.025665042780031656 0.13213051214856172 0.02099837574702158 0.021506524869460978 0.20798595159574707 
0.0 0.0 0.0 1.7292778296436875 0.07787441106531255 0.07207223051849707 0.12782491806779966 0.18071958907775248 0.026915849196380598 0.06387177636027705 0.030413901369379423 0.14030056204737895 0.05633323804196379 0.30774831832040195 3.9181240507103494E-10 
0.0 0.0 1.879071658851318 0.006121531869794773 0.051903303239127084 0.03946445143058405 0.0016642375653016259 0.13224214436876433 0.3231472745103768 0.13098439620359348 0.021725341772332527 0.05766153012541652 0.03094455276505325 0.004880441472820073 4.683717028702723E-16 
0.20455394861637727 0.00789333515619076 8.126204551279631E-5 0.03627924920736342 0.10214432859549269 0.05095598803015336 0.1264365852750353 0.09663105094324646 0.2101596356682086 0.15498737365446796 0.03025288951328419 0.0010806038995562301 0.032630708923002245 0.11370020482485184 3.815025091176576 
0.24973651025732158 0.00344484725989794 0.003950767466634483 0.023182002999708615 0.03621820180213874 9.64760910830437E-4 9.493369417232458E-4 0.026192036035424242 0.007551086005125004 7.674654236828929E-5 0.1941345041647973 2.055369044412697 0.5696124508683705 3.6486619755867297E-6 1.0388991833249022 
0.21172464672195238 0.005291908548804684 0.0051808645429700035 0.018573757130818925 0.0021293052051804453 7.058025621732696E-4 6.810697191273866E-4 0.09355795772298094 0.01738202092991221 0.03260942615458222 0.05762518967303821 2.6263281666238916 0.31650224788554726 4.993280955613252E-6 2.5688349835683724 
0.37223774733895865 0.0029930561119148294 0.045278171460774605 0.06284456785502797 0.0087741858522802 0.026551254351710907 0.007074856269643364 0.22430691709725364 0.05093915218978858 0.08405659748351552 0.3489816050466939 0.04683803448366477 0.027182640867514346 0.02284600305921839 3.9870538893039577E-4 
0.0 0.0 0.0 0.0 0.0 0.0 0.0 7.515554939809762 0.4809351226846672 0.029128140805849544 0.3564982628287345 0.0015179512048667846 0.0878465342816936 0.024100755778527026 6.38241050862718E-7 
0.19499707566944133 0.07018393283063608 0.06960895115495037 0.07369323307457608 0.14867030087724104 0.08093396081964518 0.12436843550727497 1.234095320350233 0.08548931033793199 0.19281449535253825 0.08741936916459744 0.49345224741102706 0.08652522301120037 0.8266262199925558 0.20952088895640875 
0.0 0.0 0.0 0.0 0.0 0.0 0.0 6.778023972848993 0.3573918661345921 0.5104546765204737 0.041980097467785714 0.039013291402249184 7.209579679620914E-5 0.19404955015932263 1.3308835513270618E-6 
0.1931339356152087 0.01082868127356081 0.025725835548939504 0.05199016503710625 0.09656572757383232 0.016127186913079967 0.10377005287686827 0.01334379185365599 0.7107307304526115 0.05827452314415142 0.03811453665937104 0.11926166182823777 0.023565461736178628 0.19404955015932263 1.3308835513270618E-6 
0.0 0.0 0.0 1.8707555068908204 1.6671306902554445E-4 3.8533717957030386E-4 0.08041306672502753 0.331165653511009 0.12882572882517235 0.12358562948160959 0.28979470400628093 0.11797872017663097 0.20713827424542966 0.02675776204580831 1.8370839367407802E-6 
0.318379147975138 0.0062072308551417935 4.50929313314507E-6 0.0016066050482195337 0.0025297811038327957 4.584319602517898E-6 0.011584340515314552 0.2323955323624972 0.01714599488003242 0.08431084425683616 0.02254860613257853 2.929154931159372 1.3084706268725702E-5 0.01215419973270473 0.9190206341309094 
0.0 0.0 0.0 0.0 0.0 0.0 0.0 6.017569398655729 0.2826055507607963 0.03327555540133077 0.062349716478598195 1.043509848968195 0.11054856994607169 0.014717833653106801 7.098989203862573E-5 
0.25676259779156574 0.01914250575410214 7.437784082289901E-5 0.0228105157916103 0.0026480262809505176 0.04132567288228333 0.021437593828985236 0.13952869637166357 0.01228400746304902 0.0694823848932967 0.33694203417931 0.7204266524787337 0.05103659075613508 0.01233114517988752 1.7276561140795152 
0.0 0.0 0.0 0.0 0.0 0.0 0.0 0.0 0.0 15.74541908011154 0.0476689526728851 0.07963408267340298 0.06841902686670391 0.0 3.317690588177215E-6 
0.0 0.0 0.0 0.0 0.0 2.020336608476266 0.13093445593323882 0.3487008875228081 0.05767101465558259 0.6227025902352098 0.15206732227402914 0.27313656267159175 0.09886225470096846 0.016209910002374765 0.15458797888601333 
0.0 0.0 1.41542961055038 0.0011861827613315352 0.0060660900564122894 0.05199718371792855 0.010112094060133636 0.08051917110234316 0.19682893945804544 0.22450512635740838 0.18291054921256011 0.03492495350543915 0.17935801682031666 0.01326346804696992 0.5925333842621288 
0.404080328424809 0.03683278524479323 0.014427191883492355 0.003044405572447735 0.004147699638328176 0.0013268249853381534 0.1546839872474927 0.030873130671045145 0.12833100680767148 0.1674124081983878 0.028215872949520812 0.17239218913666254 0.19744506219414185 2.068853609118858E-5 0.03483323017940517 
0.10522596357777879 0.10522596357777879 0.10522596357777879 0.10522596357777879 0.10522596357777879 0.10522596357777879 0.10522596357777879 6.421004232618929 0.2357959640303844 0.33535593664381624 0.1125021584696396 0.1780465738909349 0.2553784445534285 0.3051747829360081 1.6066102249060241 
0.2068742843118384 0.01130514251716774 0.015252750727743222 0.0010371176463150277 0.007469442495644806 0.052297517112223225 0.0731167946472264 0.030392116801755714 0.10997971827078844 0.18863189483197554 0.6673269657710057 0.25911795583741387 0.1405565073494979 0.06554804056343276 0.0193187189624763 
0.19413832485330154 0.0010770681947633912 0.01182263130850688 8.219990328519618E-4 0.00496179776164564 0.02209462903343089 0.09354122879057838 0.12764248018561145 0.24778287325116402 0.1470514056910907 0.15160768996542487 0.09007446863019727 0.5154742708789327 0.3010670790093882 0.10708298825662393 
0.0 0.0 0.0 2.1239722830852683 0.017019288368724593 0.06168635473121665 0.07532741275341027 0.0480333232951919 0.0021551880339054945 0.06245758802021385 0.08732929794269281 0.28202620730840305 0.10508579889766191 0.023003645534393224 2.0131525552556497 
0.07980749682334866 0.008143459506712568 0.023065418116183987 0.010270998110498043 1.201965546422362 0.10252853514683663 1.5268780705373985E-5 0.06295370216384936 0.018277567296817482 0.03271123479750403 0.12441017448527013 0.1962210238669652 0.19123364658598008 0.019394988724486473 0.16217826646891842 
0.03428916985005318 0.021100211104331617 0.2677133084399795 0.044421440076386536 0.006429673641285213 0.04542554739942827 0.7500389055308088 0.34976260796281683 0.06365739647690949 0.04721761062521356 0.05813488645432136 0.022973277410948404 0.09408724970946063 0.03663300925579707 0.0050142567783557565 
1.005076078877141 0.001785760961057794 0.05991825110372086 0.005818668738770439 0.0019285328561740663 0.07702628058458237 0.002771619993595186 0.0034353438739378106 0.0026490171279148237 3.0481834647013925E-4 1.1714601115621184E-7 0.004249586435630468 0.22070801983155375 5.698090642165365E-8 0.0021066993393889077 
0.0 2.2208942017823565 0.0011968189695262417 0.005330270460388573 3.802788628680606E-4 2.962760865793907E-4 0.0023293322473835277 1.2593364561889345E-4 0.0026739940912742367 1.1853476145929265E-6 0.17709735384905279 3.929622862259422E-6 0.12852164428957913 0.34296292857516447 5.3768255513643275E-11 
0.03159697159654552 5.576410626677977E-4 0.0020981688986218376 1.5500039964331256E-4 0.30859582908774974 0.013750339158036508 0.06048870952657886 0.5076220193673864 0.36429616825590455 0.07684211047946521 0.49505590621954965 0.029687384670929347 0.36646229813484266 0.18665470992648167 0.6313235809249151 
0.0 0.3354315336109282 0.03584220698354339 0.03870097518390661 0.028847753254620072 0.08240594096456882 1.1344785339150786E-7 0.10224753848912081 0.07008635338156817 1.78958417059379E-5 0.29695060295657777 0.21062378844774973 0.9024075125815227 0.45098916625204166 1.113011680239093E-6 
0.12522827501548195 0.0456846039210166 0.04812586116644931 0.045380488897945374 0.0235646405397016 0.0379274557155234 0.10267952044409182 0.29754559097212263 0.3299559920007105 0.491617579803878 0.08181610581814895 8.666829430906393E-5 2.339949352107228E-5 2.1320908269490295E-9 0.30194557698691343 
0.0 0.0 0.0 0.0 0.0 1.6203492034413718 0.13327505981403728 0.04387576547876822 0.08337186785477634 0.2957226303010642 0.38628365553738664 0.16626256672805134 0.45983863473431463 0.5189328602843655 0.043663743021323705 
0.03584319712949594 0.11681759569458615 0.2696622169182593 0.0018608594272366175 0.034146261347887695 0.08598182149279926 0.17955395169209853 0.31788065123662346 8.233841463309888E-5 8.283662668352851E-5 0.11790799461405783 0.17072897466714707 0.15229357704039148 0.19728673721706852 1.4071814892523734E-9 
0.0 0.6813603583428822 0.01737974885478302 0.06893071571199404 0.07228631261757751 3.768493632396673E-5 0.03780323856858169 0.10700418532503296 0.23344842966500312 2.0160219379337284E-5 0.41003688802398547 0.14486744310353009 5.002193297390476E-5 0.14373131352058163 0.06012614647372912 
0.0 0.0 0.0 1.1155790849318343 0.05680844650238146 0.013340673768451968 0.07835717859720209 0.04941631692466834 0.38834544029492707 0.2491860366782342 0.043065268187944004 0.2812257154391575 0.14503806795283297 0.17069957048294918 0.27514382307769286 
0.2709671880098373 0.0024649221335593195 0.0077469034538942645 0.05956433159043945 0.04177041221117885 0.06021385301761668 0.11909454827519494 0.2758934249462225 0.19451377805171163 9.424800991236336E-6 0.23141061331621443 0.451938448223066 1.0204649284371496E-5 6.374401156197817E-6 7.056515200095335E-7 
0.0 0.0 0.0 0.0 2.213309256582731 0.047236211071252476 0.17260541909281837 0.14707406036622092 0.32108185235386016 0.03824429180627089 0.031745709891720646 0.1377853522145419 0.09968365573342282 0.10580418400556488 0.14405260468958764 
0.1937431142866863 0.03174390930108288 1.13596483371732 0.0062757235376109215 0.052318423454532234 6.236588945384173E-5 0.002202118979543314 0.0031527970078649285 2.453338673374501E-4 0.08093227533398865 0.036916256781371753 0.03497951300620114 0.027932351787394387 0.015792787320533304 0.00489503601269467 
0.07495972013661219 8.367640671996623E-4 9.368180655785683E-6 0.0011580121398678306 8.911101696051954E-4 0.007417789372315923 0.018794430194586074 0.7499449926063607 0.09608869413801938 0.4115179636924308 0.22381249545899237 0.2951610538520814 0.4916603326731548 0.5081749632566352 0.23707501979082501 
0.05034431727130362 0.16407861383769987 0.07726000613155251 0.054712133654003556 0.012403988489730941 0.11078930113073242 0.10538107245346584 0.1408191300862803 0.042391240909724334 0.10746691631697035 3.980133945235308E-6 0.1266287681912398 0.14386082299594716 0.21476285781261947 0.1456590272933867 
0.14307557630757858 0.026158737399825317 0.025718031425582186 0.004869560376779157 0.03356724703337782 0.0686707057584193 0.026697048486055978 0.09426347051407595 4.048856207354365E-7 0.5337666714419688 3.818574601982416E-6 0.9414100994746578 0.137581231069045 0.21472318318521177 0.09955262144612839 
1.0517848956712441 0.0018106595975898672 0.0013855960985396836 0.11903741393380725 0.0020473986762131998 3.5632328140265E-6 0.002486198933051116 0.003150557295832669 0.002367680101741714 2.82206022030604E-4 1.0849346836605392E-7 0.0036148576157078215 6.724481514081908E-8 0.3797201806966436 0.11014434843703988 
0.47833516869422277 0.08058453246152833 0.016841272380083004 0.1139593879395234 0.07747607758239684 1.291672328743866E-5 0.9778745447644306 1.1154232418315556E-4 4.3880331033773545E-6 3.836703735461448E-7 1.167363355439535E-5 8.333834695246187E-7 5.601503207291784E-5 4.144506797656072E-7 2.3017630854712395E-8 
0.0 0.0 0.5154339060092571 0.03601996969081333 0.17066659049489613 0.02384867226931876 0.019285041359004808 0.0112405668297247 0.09077986177476512 1.7129794284528443 0.18678395926700841 0.2051528458544576 0.0022278469888674544 0.05336500929341515 0.04150051822413757 
0.5909739636730801 0.11802349549118366 0.021531791762263497 0.14569860014678573 0.006312781275833499 5.527117045021517E-6 0.5996860299586462 4.570384412964381E-5 4.386136062530984E-6 5.051313150846131E-6 3.322359868389655E-6 5.019435774830359E-6 2.807541036148402E-5 4.1419339415971813E-7 8.767955729364375E-7 
0.0 0.8515169902772651 0.025712774335998747 0.02965079556715732 0.1644180663556917 0.04433072327017161 0.07252436358931721 0.009248452010759694 9.161114400818293E-4 1.5647606123974243E-4 0.00286029663761706 0.3524711423943724 0.5466482135329733 5.417015087362248E-6 0.08922804284818414 
0.3210231753748168 0.00548310218147927 0.6204689654005227 0.008078439197943921 0.030010066417199718 0.05579092012323937 0.001268613037283405 0.0028104146072450127 0.08077105351180539 0.06146059989423726 8.533783370076434E-8 0.0032055970937978754 0.033396884118402845 0.05028428649768685 0.14929774088288716 
0.029926858072451646 0.018415815424505565 0.12582874245308145 0.03222104895370305 0.022030179464433194 0.043631781230785135 0.6077427550789556 0.06640467159398733 0.21424896868709528 0.26578733693856216 0.19444441677001173 0.011986044745403556 0.2496928867599858 0.05448392438104533 0.003034616494253812 
0.09722233469041047 0.023799263105262213 0.006695251603948568 0.010480159519760909 0.0012492374858651158 1.5524268129983874E-4 0.035421877840701145 0.2761519708171647 0.12186252297959314 0.277635165498579 0.20624826745125321 0.9431260346762843 0.30012926521372174 0.22888646232249474 3.1470567545975516E-10 
0.0 0.764902872175981 0.023097337065246592 0.026841390872858032 0.14778930061207401 0.03981704515733365 0.06518622548829596 0.031523115795539056 1.933643525288429E-7 1.3732933170809155E-4 5.600598959871958E-10 0.25026612012706845 0.4865610823722269 0.1782702851657423 0.09047058891324108 
0.10848120431216972 0.011176070536889873 0.020683683547660807 9.705074829483195E-4 0.08260765875658563 5.679320309608833E-4 0.5374047114107017 0.05907437948882677 0.24050008499346034 0.24224609461457222 0.17722213979303209 0.01092442011306468 0.2280330571421362 0.2952812681619802 0.0029168192244388713 
0.16573605618256337 0.34724145333150114 1.6491435112165204E-4 0.017417391149694834 0.055035936122746924 0.012162307930467405 0.03775166031785358 0.0027036120652096686 0.06727180042497112 0.21136574583106277 0.037366276368821644 0.03380953751849047 0.03489061711665382 0.41525495379406074 0.00285223905750559 
0.13520171390858185 0.01747659743581038 0.0010392505356810247 0.8704126242781471 0.12159530095119822 0.03835609750116234 0.06252864391262118 0.06539212130027604 0.0030580413046869966 0.07731096094715385 0.004625482884546164 0.005157832727866798 0.18332836480257156 0.06083690750559599 0.014564595833636024 
0.19992527468142346 0.004865499848200041 0.016365334866638773 1.1014692605491005 0.0041965521954289145 0.06175103131358498 0.01775896448483716 0.039375648079086736 1.6020974223867283E-7 0.00954792881839183 1.4869765406960513E-8 0.032980332929290423 0.7083252936773315 4.35223264486573E-6 0.013344219097697757 
0.03880356747009917 0.12646582390105515 0.0076687189158965285 0.022072376450390074 0.04169848824046121 0.03584015696676415 0.2816450860375233 0.01234210803261721 0.5181541662662141 0.019184459967095033 0.21238232405721652 0.16127497223453488 0.16106776445089513 0.17084877244521562 0.1360406251697039 
0.37539792830180413 0.006348562824527866 1.4867720993968205 0.011426859218330348 4.669243569451463E-4 1.5725530580097932E-4 0.0017569557157249118 0.003723298120258813 0.0026637444353376522 4.108489311036027E-8 6.0494789490352425E-6 0.0035886811158697698 5.338111149234334E-6 0.09012403891126217 2.3711965991494305E-6 
0.0 0.0 0.9092244922587984 0.4585373391468194 0.00770068329356359 0.10207906469288956 0.11632520659906767 0.05420103817097256 0.030336045754374565 0.1206870244497065 0.07150448676113737 0.23843729399701266 2.5655183321454328E-5 5.30551711992881E-5 0.042847009845489135 
0.0 1.1314430569848901 0.017749807266930144 0.013960663256498194 0.015077665302732133 0.049469848419253434 0.0015033726005391186 0.22461092168371377 0.0640348364647793 0.004319793437877407 0.011262971532628435 0.05431728030432672 0.2618391765589439 0.06056767897949301 0.0417215985074983 
0.0 1.602230112495536 0.03416856757762326 0.05313336771225657 0.09907471607241627 8.378177258158037E-5 6.702873146738753E-7 1.8711240826666426E-4 0.04449402395194335 1.3711720427733552E-6 0.036160735244173285 0.13079061053794763 2.4507863291177515E-7 0.1607438093473658 2.30702688113686E-9 
0.0 1.8773798162098727 2.787558242456654E-4 0.08215923211326123 0.01859168591055186 0.003357449565216235 0.028631613129651182 3.58866972013582E-5 0.022507173182485348 0.22153027785419704 0.006751048032417035 4.834000788528715E-4 3.8496661472985517E-4 0.011679215612707662 0.1118313743543062 
0.8751397789945978 0.012209475782360204 1.338418589147117E-4 0.07688853760920004 0.0137679383745422 0.001967332229097419 0.015977663277766386 0.15122241231504385 0.014858982023615047 0.007273006023994248 0.005987238691013044 0.007030940337544686 0.0 0.019882691847425454 0.028023613141382152 
0.0 0.0 0.6130644020102938 0.04555545574420849 0.20497157532109758 0.06266134737522114 0.4388633470340694 0.021669288508489055 0.03809078904972451 0.08712542660746195 0.17595079740701353 0.12299047162093536 0.13298214733354075 0.05506772921634321 0.01634023259098909 
0.0 0.0 1.4332636799477303 0.07756561222743164 0.006633184202963438 0.11142502257003427 0.11934706562915659 0.0019575052360085044 0.027411607593302044 0.16415727119914372 0.0030282941417679766 0.036702695941016925 0.2743378586833226 0.1406168055195556 0.02194847236123062 
0.0 2.1471200532230448 0.018951393125549946 0.02566654901882722 5.803088155319839E-4 0.0030860698453320447 3.859786113988204E-7 0.014494338231593379 0.046624033732043824 0.0 0.05205524181791371 0.013158890381097825 0.04377143121681656 0.015031355385826586 0.019939142556480507 
0.0 1.2050810671742342 0.03242805057884106 0.005704064401146773 0.005682467790748695 0.13104498762302155 0.08403605909171312 0.02819583551679046 0.004410139998403852 0.14584546539587576 0.18155071384832872 0.0815631166560842 1.3370302220685993E-6 0.004241795762588322 0.0012325561238724168 
0.0 0.0 0.0 0.0 1.9918602213901007 0.2719039404058335 0.2895382844939864 0.07983379629560172 0.1676816544458568 0.4142960657652283 0.1460998630285782 8.023316983398898E-7 0.05380873942877378 4.574111665981796E-6 0.0011467144340249202 
0.2656087086768565 0.05790562598436914 0.005918092609375926 0.00225850760913064 0.045816801510711276 0.26597124365197694 0.13468614839688 0.05650951815540317 0.14363415299576282 0.06024350922218466 0.02998391593252547 0.15416925159981104 8.332007591400023E-5 0.025578242913794586 0.03483323017940517 
0.0 0.9629751964910688 0.02988961626966062 0.01218386696158876 0.038179644737688645 0.03747567774230862 0.001580369887912693 0.08173132957492858 0.269687436871193 0.11864675701165663 0.020838977099547486 0.05207676091445142 0.10040005919942047 0.004624945930755067 0.16421095554953383 
0.0 0.0 1.7267045363634 0.12276111979146366 0.001086314314335982 0.0620063024181176 0.0033230359816495 0.002109371581267511 0.007931068320801055 0.13050756917102538 0.24686844146605466 0.3636941917712039 9.195671994145071E-7 3.58048118338298E-4 0.7238118066610267 
0.43942491353495866 0.0877576128379095 0.016010190490590586 0.10833572831828331 0.005393979110387562 8.335656449796059E-6 0.5934395989689185 0.02997236110381546 7.0705773456202644E-6 4.239337984813083E-6 2.788305925346083E-6 4.212584749176287E-6 0.11238956529744494 3.841686309776383E-7 0.45151291921257103 
0.6191528317311024 0.0016103835201327667 0.08463984958021822 0.020473697430976944 0.032343533766977066 0.042316026310301576 0.06824076340844734 3.385500291919197E-5 0.10092623073886037 0.004277047270327479 0.22678197537001804 0.005453369504844966 7.829657724176374E-6 0.01426295578397148 4.082482326934339E-7 
0.0 1.653632957335495 0.017471778171535852 0.016918105731931053 0.09361636274980936 0.003373447347974969 0.027910229498684495 8.698336486238697E-5 0.08932032606692063 0.23078300705848695 0.007069035626125807 5.025603567621588E-4 4.00225336535456E-4 0.012317427909751934 4.320256464738093E-4 
0.03676323702787251 0.06299757088720942 0.4048770485993384 0.07811257578229518 0.029327216610062854 0.16316989674874777 0.11921251425621418 0.053239252792147106 0.08143731590777933 4.763823599521312E-5 0.06456916088053921 0.23959129366043877 2.336270607128337E-5 0.20149488831672208 1.3205035902176705E-6 
0.7187409633860329 0.26488960469248063 0.001692398410899957 0.0054352688752613 0.009339891569238423 0.0899964760905362 6.340685057415461E-11 6.794719719322749E-5 1.1380249794922238E-4 0.11138144873066749 6.456717516131827E-6 2.5937007811540393E-6 2.418759963787754E-5 2.1334314623707894E-5 0.10846458695291807 
0.25988727106239945 0.025294073862802302 0.07767998199442865 0.16319757046169486 0.0011483983952512756 0.07923075391040761 0.1651623691470476 0.027532053500712698 0.0676359550197672 2.3178774389111355E-5 0.014324846186564284 0.18094999529050054 0.29432500858907296 4.870696564816098E-6 1.210781525902557E-11 
0.6630241009918305 0.004496272763240579 0.10683585417252957 0.002445929706389585 0.060965374799927634 9.4048588577763E-6 0.14413866983309315 0.05531097891606933 3.05589731237914E-5 0.2575005663800364 0.028116873984892883 3.741005429318273E-5 2.38016104013519E-5 3.2948054675503706E-12 1.35558137428376E-9 
0.405744492378102 0.4357408264242465 0.06903925296006111 0.006293170058890865 0.002030070409513341 0.006510610892198664 0.002076871369419851 0.0420231857583578 7.938389152337996E-5 0.033322401441385215 2.8377993798640348E-5 0.047199771903410376 0.02537110636671184 3.166392501902085E-7 0.0731082701959335 
0.3735381720898008 0.006396920886535693 1.480609419828326 0.01137949481603531 4.650459318538855E-4 1.566035829992732E-4 0.0017496742564717981 0.0037078674276652475 0.003721574778026381 1.969221521466276E-6 6.047186696780795E-6 0.0035873213024961476 1.3200605904401363E-5 0.0901244106527381 2.3474573176745974E-6 
0.6284625563653912 0.04380182175067522 1.0708236167771668E-6 0.18900746229507265 3.260083830315652E-4 0.04893218773472132 0.10302887015783997 0.0416927185995251 0.0 0.19042369277978416 5.8469749050308486E-8 0.005152933350927699 9.741153971069425E-6 0.006703900512049076 7.79939519482192E-6 
0.4902758318190719 0.016860217203751214 0.001054786725907179 0.002180461134967411 2.076543837051821E-4 0.022907926597370426 0.0015085651994374881 4.576037465027008E-5 0.002138174796118952 0.06791279511618702 0.40386646190107345 0.4355793582467693 0.4118355947472297 0.01136004297324449 0.29696062668985596 
0.8108813311801091 0.013887561937144013 0.07159782328406322 0.008406281028582705 3.4681354680145716E-4 1.0556846723155382E-4 0.12058103773430003 0.003193272240441066 0.13002427733295294 1.7663710251606544E-6 1.2769793415263376E-7 0.001780780623259529 1.3149358625157237E-5 0.20072753536846608 6.089739870772208E-6 
0.8842899384310526 0.012956738155383701 0.0012645778022266903 0.0046853785936712255 3.3997714242352473E-4 1.0139208187149296E-4 3.287514632764507E-8 4.318373683641985E-5 0.14057073387179791 1.7381688419694935E-8 2.7031984800656868E-5 0.23659490550607695 0.15445339516377585 0.21380313267974785 1.3505509328069765E-8 
0.0 0.8103214792709472 0.020669215091433633 0.01650711744852093 0.026926058134526414 4.589963243242571E-5 0.04068552417739171 0.11519276171392474 0.22200259441212986 2.3207806271156044E-5 0.39000515531990626 0.1931390412442203 0.204126953372135 3.5376039804774326E-5 0.06012614647372912 
0.35851855001282773 0.010753529586624951 5.558152199909352E-4 0.007416741248276686 1.7977563687735846E-4 0.08872867048876952 0.16134957850651294 0.09110390331653603 0.017642658181439674 3.743521877491936E-5 0.5738373841296699 5.573065808017657E-6 0.495053542444587 0.15936373440851778 4.0601840282828046E-4 
0.0 1.7055955558158455 0.03637290084269963 0.056561186267060894 0.1178723593947702 9.013650666648312E-5 7.21127700523774E-7 2.0130463125123536E-4 0.04766216858923076 1.003235026250555E-6 0.03889341778016365 0.1403789394633491 2.6356707493287767E-7 0.022003293389766698 2.30702688113686E-9 
0.5822723565428385 0.26821894526961954 0.019622439695272283 0.026698387341854448 5.840177439427406E-4 0.003145562705169126 3.434910176002571E-7 0.015004752994973796 0.04826588828000173 2.527271869920849E-8 0.0539913915760434 1.2181240586442831E-5 0.043771551324278644 0.015031396631403827 0.019932825965642362 
0.1487764775405302 0.38804628832553384 0.012264006078037857 0.013440317042408868 0.060249028760441914 0.007083533460008375 0.040538028678025466 0.0029031598216063994 0.2409401444672075 0.25100708959056167 0.04437426813553304 0.04042664858376167 0.041443167166238234 0.004326306974388037 0.0026303255396472117 
0.11711171279271954 0.0720659576630842 0.1063493806969307 0.07503742420049607 0.051304596695811416 0.10161110774332492 0.01278394184602693 0.10372932094487533 0.2798342009960934 0.3471493352936819 4.0018551637337706E-5 0.01079361720837382 0.03345262259800507 0.05448392438104533 0.003034616494253812 
0.11646862681868264 0.379586254810184 6.739446945887957E-4 0.06347895203140348 2.2184672626471584E-4 0.1248127066675725 0.06139010265542051 0.1725385290653868 0.02287339064339362 2.496614689975139E-5 4.809421289020314E-6 5.2416354934829086E-6 0.46561270019795425 0.21766626579879192 0.10510162074598495 
0.0 0.0 1.171977827371939 0.060797346195068366 0.036723837836286216 0.17359153048956058 0.15129510029497417 0.06118373096977195 0.0301711092351658 0.16251974175435652 0.0033045074220503876 0.209805178466381 0.11718973361998108 3.222039988695466E-5 0.02194847236123062 
0.0 0.0 0.0 1.442627806545097 0.0085747736941012 0.05189873559148152 0.08174243442180454 0.48951825444970787 0.002573922447896602 0.021604173825344946 0.20884927508017495 0.027004738339106948 0.5251336992005559 0.32376505636019737 5.989675015535736E-6 
0.10664774959945378 0.0011974446756677203 0.0019460084262961732 0.012296535293769782 1.0183274388785484 0.04329890683307555 1.646297028346378E-8 0.00914483339241268 0.47674120397158615 0.16644474087533823 0.5106507298099895 5.687336453265539E-8 0.11311843491760878 3.872331997526039E-6 0.1795169687626978 
0.4008334804112101 0.07608779425512446 0.021773918461731823 0.0755000217922012 0.00603280879429102 0.09931509569202249 1.11784005210403E-7 4.593944938521448E-5 1.493414279196169E-4 0.08193941307419574 0.5135314242950959 5.378569553363417E-6 0.061576504957799136 0.1077613575266719 3.5629299233739045E-6 
0.0 1.130317050107921 0.013143153180545082 0.10776776938906348 0.09629570100442707 3.969989941982705E-6 0.057901686663050525 0.16389396900704475 0.13367390184979225 2.8220363167771718E-5 1.5801860444944136E-5 0.20778639033702537 5.568922548979962E-5 1.935225189909849E-6 0.0653737117212741 
0.0 0.0 1.1023153405973964 0.05967994742796932 0.005027023354208128 0.18641469168413197 0.06586409517333959 0.0026432838949863504 0.19559952079977427 0.15342290199796757 0.0028950440588602078 0.03508771501508088 0.2622665271999975 0.2703996723141221 0.02326343737004858 
0.47219006420382814 0.07935850111860356 0.016810272945458456 0.12428371921238603 0.07751153143044359 1.292263411254732E-5 0.3468127782088336 1.5068499826980225E-5 3.6525038941029595E-6 0.2844026857161496 3.324168811907797E-6 3.4898327273720574E-6 2.61988951488356E-5 4.8421202220634534E-6 6.780598740769922E-10 
0.7619705857674706 0.06257352664181975 0.0012371952079401687 0.04752461750320707 0.05894525899233909 6.855527601675722E-5 2.827001500381838E-5 0.07922605130414595 0.02906086106746168 0.06336177401934222 2.400388189917928E-7 1.0589553558599685E-5 0.043714155524655046 6.810705923224694E-6 0.0191130856195809 
0.6236806507518817 0.00363789937120179 0.028936783289743084 0.12940360030408993 0.018495170697160185 1.1787770414641524E-5 0.001848937944809849 3.8902232514341075E-5 1.5575489672732407E-6 0.08768185164338466 0.028187327577342037 0.2815541431801944 0.15351778203359767 2.196058927473374E-6 0.10710204906596149 
0.0 0.0 0.0 2.1105445742269295 0.0950439616628164 0.01900635930259031 0.0379717384457475 0.17738045162693228 0.03499057671712361 0.0633939172998318 0.03028386610768271 0.1392655091288958 0.0559176453914992 0.30547793685943353 5.247253130985247E-4 
0.277402178960039 0.04441792855629988 0.18432660934226128 0.0038564370908745504 0.15540021866507286 8.058670527288155E-5 0.0016041987152514954 0.04795450589000222 2.016532968644377E-4 0.4800221560682866 0.019409051078629256 0.002815108085225019 0.25258219516448266 0.015291572044435573 0.03001843756210605 
0.11833270238034425 0.015286329604731462 9.094847958072707E-4 0.7617287850045948 0.2348362034825949 0.03789785539522482 0.06178161125459156 0.06462602600307321 0.0030215479453648375 0.07638836494654992 0.004570284346617483 0.011647933792569487 0.18332836480257156 0.06083690750559599 0.014564595833636024 
0.0 0.0 1.237993568231508 0.09199255579716119 0.04186026860202285 2.940158778662154E-6 0.5081014283485144 0.025087983575909342 7.768567136978355E-6 0.09210912479740845 0.08282792365214162 0.11800033831389964 0.13298214733354075 0.05506772921634321 0.01634023259098909 
0.16510895131203276 0.19004052911105765 0.3043357059977704 0.15283316987081572 0.03327647527995208 5.079727314022271E-7 0.04795729509441585 0.03544973491800258 0.011682304176056242 0.038300217151698075 0.03089811074532462 0.002916493692895858 0.017122387594978274 0.018850733115079257 0.008872873610989568 
0.7212377426080189 0.010836726442816053 0.007419570981725378 0.0016701703338051468 0.10910973190268555 0.01438166710613407 0.13300427684348604 0.011397493928980752 0.020237383007501032 0.02027709676573418 0.023319722904772213 0.014238136942054207 0.016535145876698316 0.020483418353160157 0.005160256877435373 
0.0 1.7906362473797195 0.029628848305410637 0.01081537838843503 0.01743538522725244 0.0029975199233537196 0.02021486917931722 0.021497975122961907 0.016000631172670855 0.06449869634185133 0.02288190867969883 0.02495396969695911 0.028551879902671825 0.01771197037191567 0.0049254237216813344 
0.0 1.2260318343235033 0.015288611987785894 0.019104482764073095 0.12314743748517794 0.029642740740133178 0.023910336007483254 0.021683433663378906 0.034386106987852105 0.048746960328031594 0.048944689069960995 0.05172916090842401 0.0254208363317278 0.041066650233831714 0.03159256202351517 
0.0 0.904853755764208 0.047563889818873384 0.12605868020226008 0.012676336202345472 0.02593001562256499 0.02104552006623219 0.01756290750371533 0.10118109411673261 0.05855933092649996 0.23001876848940822 0.028188461124259077 0.025361434664154633 0.04149169187941274 0.005562530602408015 
0.0 1.2401848191519618 0.07211029162036159 0.022816010714006463 0.014741483462092168 0.10246455209016797 0.025804268114395765 0.0234237202563389 0.022008330910105626 0.029153876481036928 0.05758284923636186 0.02065461691086886 0.02539243112160783 0.04166916698010028 0.004355013356873369 
0.0 0.0 1.5805826992405643 0.06946981666751152 0.09428031407042596 0.031837097100339315 0.020077130363679085 0.036207763888008546 0.01901279988529556 0.042235868137065063 0.4226670778067435 0.02783871135797496 0.02542127680288139 0.04114264989853374 0.016363402020706762 
0.8384428019133326 0.03269488115948581 0.0635777702767858 0.01049843010114442 5.359172056020246E-4 0.06677170074958692 0.001500012499653562 0.0025282549254129157 0.09464627145427941 0.0719475234201061 3.5568360770435223E-7 0.0037777444686535847 2.444787652888461E-4 0.0 2.1641199757390078E-6 
0.5166606076179002 0.0055390644790114995 0.003904333935333751 0.015541522904049204 0.030243924485307 0.0029685269518930683 0.28234172584781064 0.009152791667580174 0.07769468342683554 1.6616065937567253E-5 0.432429463373962 0.05914904387175577 3.6083425476760235E-5 0.08215432367920436 0.010612128455074442 
0.6300184145347443 0.08498439864307418 0.023918213028743543 0.2137215365603187 0.0067802403037115905 4.122704977609181E-5 0.0014368379164646987 6.692983294849423E-5 5.028459314858836E-5 6.481233462622462E-4 5.305646276012001E-6 0.17795679346207935 0.15583215238733691 0.0012516935326155059 4.7665062259314144E-8 
0.17561466916168006 0.3682966173307018 1.527238896369069E-4 0.018679849293205385 0.11193691121694681 0.013810511741118853 0.04286766549960317 0.002905683283358291 0.1749738727595109 0.026476573300769753 0.16538620373380258 0.03856396526226323 0.040603444428367545 0.03697617855305346 0.006499002723463192 
0.2740739141582091 0.0012615922785738178 7.145305290002211E-5 0.001297148684871051 0.07571523286272921 0.016008656291846213 0.36080932319921166 0.19308524724460144 0.16651237256833362 0.0012738802843379842 0.04521680311998712 0.1555953688644523 0.5975691479405586 4.232067144075197E-7 0.15804538521387945 
0.21490325515890213 0.06623809817890651 0.0152135822599883 0.08534659520954563 0.02795587432002738 0.051710827504888104 0.025092184671200026 0.049028647767335225 0.0189446177384182 0.3369594681617841 1.0664171426348035E-6 0.2948210202017653 0.031868536838989395 0.24792096352604842 2.5340332832841147E-4 
0.0231414882266384 0.07542109052559527 0.012600496461572488 0.012124490002130549 0.02735481999394332 0.025703356019442805 0.16707765304570765 0.230823175965011 0.115868758021194 0.08657493128450733 0.16609196813694974 0.08544663170353932 0.05350388624998725 1.683016164153379 0.13910317789420884 
0.25360090203718644 0.009466578403343076 0.0011590337251722214 0.0015314653706830082 2.1178680606236604 0.07106709444401643 0.00250284603255321 0.07648641503719887 0.003519183770912908 0.11261823859402693 4.830108251058212E-7 6.481041922091052E-6 8.988870131311466E-9 1.6600098407766796E-5 0.02082586687417445 
0.20668820417533024 0.014011584484545763 0.03772565201602698 0.005629158555010829 0.007258524881869627 7.039722050955276E-6 0.6437953376955494 1.654523800543867E-5 0.12581383520108025 1.3248588545944454E-4 0.4302046153928351 0.09256842681509622 0.45859950800096494 0.1458459909617159 1.1533954961040135E-7 
0.42740170426344626 0.07174941803314101 0.015037698506972971 0.10184280340212312 0.06918665425613256 2.5439010186778157E-5 0.028888544344220467 1.4368254165383085E-5 2.692409302322448E-6 0.12621426021717735 0.2674600531956666 2.9684735685718826E-6 0.29720346131883757 4.144506797656072E-7 2.3017630854712395E-8 
0.12654240754926638 0.0010906703365858468 0.002093868989078791 0.03217160454492097 0.24214703249632966 0.012850171075461889 0.013729247706666297 0.011441605293186883 0.09522471969563856 1.9718087497456112 0.136486803670745 0.2051114734472432 0.002292794830416884 0.05336500929341515 0.04150051822413757 
0.17545743658303578 0.0024470036754446777 0.006002902405261332 0.0274441612896598 1.9764659785167888 0.036431912984968035 0.027932206801029532 8.390539531634824E-5 0.10125860206255212 2.4147753417046237E-4 0.034218858312403906 0.034028766656852845 0.0024138821934415557 0.028054339555637985 0.09279957970432809 
0.0 0.0 0.7574182763157413 0.07602833511263082 0.004093574771859349 0.055450441104263476 0.03938007474181177 0.09911347156719758 0.20719913068742324 0.11577851533848522 0.20968876891417182 0.18183216609676975 0.17397560989358063 0.195630064859707 0.039280468983760655 
0.30884436049717995 0.005204475822635765 3.915776517514002E-4 0.010984316292567626 0.023321606009018527 0.0027866512447791768 0.6750786612042108 0.0022911336938271332 0.6734360319210975 0.033028794556495426 0.21623547798047443 0.02943147073563278 0.08545669415956823 2.118905417019144E-5 1.8874386725006506E-4 
0.0 2.2009684584630747 0.038740479453576025 0.012867468963430464 0.0025953750625596567 0.020091176212133466 2.9380668573120893E-4 0.0035934046208839798 0.0014319000692997266 0.0 0.16337288114510146 0.05915608020196364 0.006006573054733842 0.0 4.683717028702723E-16 
0.6556909120782712 0.039011902431320966 0.02557202831854223 0.0839804227410503 0.0017719232625232739 0.0 0.09663543171762795 0.08326500224162377 0.015278869493504512 0.060783442429375195 2.1202963475456394E-6 0.09153194864996617 2.1621149694284186E-4 0.0 4.683717028702723E-16 
0.5678945792446913 0.049326307369538976 0.02112986637290298 0.008194574907451195 0.001761731795987207 0.0885651272692477 0.006192345041920654 0.09104592556346008 0.0030475401396087933 3.640427091822568E-9 0.3242108808990919 0.13624555112299044 0.0067267084777297105 0.0025426380997182 1.6612532312745149E-4 
0.24223147996807626 0.15609454576830892 6.87480216499338E-4 0.09934998494760594 0.003135099043274597 0.048454509104452585 0.021595667101148498 0.14787490223350827 0.04795694811378808 0.21827815690252617 0.035339548296797564 0.17170219991622726 0.051420621484509446 3.698622402018188E-5 0.0012735206663223864 
0.0 0.0 0.0 2.341382064305826 2.649094913083876E-4 0.24736085036492955 0.005108201465865941 0.13385364509296693 0.10076264897106935 0.002791439883265314 0.11407319142356662 0.1411126041684245 0.28027759568736094 0.016314810206486282 4.683717028702723E-16 
0.0 0.5359475641493026 0.10444848221673556 0.07358860282533365 0.006364464273472971 0.029101588873231957 0.10858198016037156 0.10974142176880626 0.18141604858287588 0.10525687939265098 0.003932785087363429 0.07975466452445162 0.09052925129161439 0.15089250940935514 0.0012236526143630418 
0.2650034617355341 0.19496862753768315 0.0388761501736757 0.1889856631074646 0.0986595412116109 0.02487870404001699 0.019650728608831353 0.012408861401766403 0.0021790024579529726 0.0034641439753794086 0.01948951764092002 0.005107499566146754 0.07241121245315489 0.058228019790873484 0.004702709889636888 
0.3288678443695504 0.09434129146090282 0.037295431224560055 0.016577764461104816 0.07368442901137412 0.05603530393062982 0.033843387584042234 3.17977713836446E-5 0.28998781470159257 0.03254231630033494 0.09846235235684568 0.005396896922988284 0.07545801530228417 0.004495551607791731 2.2684060841744215E-4 
