9.066905799675552E-13 4.136277199108255E-11 2.0174602749798574E-8 6.63385273945372 0.003930318795051551 0.0038687809134629846 859436.984504851 7.45852375009164E12 0.0 1.0683519516252838E7 1.9848416746501064E9 2830.7924799727675 2.901095881173227E9 137.81903801725434 0.4738412332888372 
8.44772896252744E-43 5.443491982276787E-37 2.2561128624961254E-34 5.0874020395747844E-24 2.0290117003119402E-22 2.208292431149555E-6 3.114263888537492 98140.9721341377 0.0 1.7465233571056982 3.4692568872755396E12 77362.55044629297 1.3903390140145781E12 4600956.324704037 8.025368034656504 
1.8718134473941316E-24 1.166695737413161E-16 3.074916580285917E-14 4.376840816819549E-5 1.4686806503406355E-8 1.8089092634323362E7 7.133536766646339E11 1.5478200477782446E12 0.0 2.342296137978901E12 3.1214039879213085E10 8450.915363407625 7488248.379366527 2.999038230356744E9 27844.308066390426 
2.328324684477663E-16 2.4521747930809896E-12 3.0281834330219904E-10 0.0024848300519524557 72.0997876520855 7342662.242992085 2.617026066819091E12 4.788481631283945E10 0.0 369231.4520586873 746948.5130033277 149.21529686415397 1.6019752759607097E12 0.0015923180689568946 28.932412868484025 
1.3551179775680618E-9 7.308964551887005E-7 2.818296348791961E-9 263.64399193728605 0.14851530678756747 2.624536515929529E12 9.546905164789231E7 6.449660071611186E12 0.0 1.0896225697967838E7 3.941544918159421E9 1.2359746300162318E9 5.988755973594423E7 0.4995382966617952 101.6533969610335 
2.8268093020156407E-26 1.7664582860063606E-18 4.647220905683121E-16 2.8131232042264108E-6 3.083013189032662E-10 1144751.5101633272 1.9381338544233782E12 4.614678091006138E7 0.0 1.0480732332204279E12 4814477.323626492 197500.73717663015 3052830.1218918995 1.4842583644317272E9 17804.29535765651 
8.544574744314001E-16 7.705332935300739E-13 1.1878488465602684E-10 2.9655922997919096E-5 0.30998267534671325 1.0268894340948455E7 1.2175718747385223E13 135149.42379085094 0.0 21437.55167447202 1.6324680197426552E8 0.06362735013474946 2.6809746873272695E7 1.74897339338553 9615.590436381472 
4.456464506595642E-13 1.9546398027731577E-11 3.1134139250080897E-9 1.6769318518657088E8 1.901202860200144E12 1.5049167026616018E9 126770.4578990509 4.9389060189805625E12 0.0 1.862038653231785E7 3.2629107925867934E9 8.135179918032415E8 4.788718600486695E9 0.013213553134741412 56556.22059585778 
2.240098796290478E-22 2.760497690629664E-17 4.1053154632340404E-15 4.5146068737850133E-7 0.011816812478014173 2.1420544570102736E8 1087.676709686586 1.3602779796795789E12 0.0 266797.8364218588 5.0262047109091187E11 9676.845351654783 4.0667624477880654E12 18.15566076851701 46.74134883493249 
3.364655694993383E-19 8.972882634848865E-14 5.870561618962227E-12 3.8385847869581877E-4 66889.8583024722 1.5614169332771351E9 756523.8710976726 1664155.1962347003 0.0 9.064439976272607E12 0.002983434511981082 57957.740609136345 7.649401944214014E8 1.1091823237526097E-8 6.244364355671657 
1.542519780700087E-10 7.792534141118699E-4 0.11556030903915507 4204.101299122259 21.15876413278375 8.849225528800431E11 1.1818022396034465E9 1.3710210830957656E12 0.0 2.2648389791205405E12 2561523.844624614 195906.76248174833 8.159466452551149E7 6.919457920571344E-7 8845.74027401311 
1.910232468342928E-25 1.1906421985516636E-17 3.16509400821959E-15 1.735515992991234E-5 5.823488877542801E-9 7172534.732883649 2.828529946824902E11 6.241772715566837E11 0.0 9.381304373632539E11 1.2501767137364422E10 196693.31842477908 3000135.134783432 1.2015520198614388E9 17624.496467601046 
6.053003686050787E-42 2.0080420382874064E-36 6.064911900261399E-28 1.6653860906179985E-19 3.0096829550140574E-15 4.3697422756944766E-5 6.460766963992946 273911.19474467734 0.0 3.40801465744586E12 5104390.414076295 4217151.6678747395 1.772255598961713E12 7.473873868956189E-6 1517.6392049943756 
1.2286946845839704E-10 3.1785404895119594E-6 5.740070203248907E-4 2758.425385807837 1.8153595645410552 7.147546102520734E11 3.1702473293886207E7 6.936955201354138E11 0.0 4.280577339937098E-6 1.5635074999891543E8 95.43457743335188 2.8604718771371365E8 16.03105089231829 15655.740249210903 
1.6323827450184035E-18 4.880614539207003E-16 7.754089892752821E-13 3.2407334858260985E-6 0.056953070086641175 1.559317967249503E-5 8434.245483537645 3.33649043594073E7 0.0 15.868846201503777 278.6513528038252 2.148440961972532E-11 1532.9318201744823 3.4785600300059473E12 0.004792452890608614 
1.4692709261103503E-13 2.000443755596681E-9 7.970750487491247E-6 23126.655405291836 2.6475507020550695 1.3907548564054836E12 6692660.129378586 2.5890852984910998E8 0.0 1.3966509393048055E7 474219.07705203746 86.64096195101475 6.11113274476271E11 85.49137582073416 4658.752415871426 
3.6842927738628647E-28 5.797627398403776E-23 1.699244326439299E-20 9.590049620705696E-11 3.3649249861131435E-13 5770.569093461476 0.03637759583704231 1.461210298677648E8 0.0 1.2020639720787032E-8 1.7543296632657586E13 9.585051010502644E8 1168529.816177982 0.0031858901249606627 30546.755954987184 
7.725173019041416E-31 1.6693375422661112E-21 1.1439984565733625E-13 9.40186008988767E-6 1672.612229189604 4.5262799148775525E7 1.6788858368913303E12 1.7133888164658463E9 0.0 1.3514696265772383E12 3.154862818908071E7 79711.27600303567 1.558891635257875E7 275.2424593673975 10.040123993724597 
3.398832856711376E-13 3.065002008418038E-10 4.724986098556132E-8 0.011796435574339669 123.3038897202942 8458719.86733326 1.0103353058280453E13 112146.3440895736 0.0 16416.739167859578 1.2217073460022897E8 0.05277813247672865 3.108155387779942E7 1.4515325179751444 8759.87159638673 
3.2122000279188257E-21 1.1103779006284326E-14 4.526750755234677E-18 4.102068050342904E-6 3.5202651651008796E-8 159.27695028484413 5.423524589134928E7 228756.45252033067 0.0 2618.4240480259555 1.813152459905068E13 9379.810518713359 1.0054143305688833E8 1.894512523905264E9 0.6037591599735882 
2.7902814372525593E-13 1.2729124734499577E-11 2.947164128665654E-9 0.33633150906803433 813.135773725408 0.47046037973880844 1.045750813659759E8 8.898484947149234E12 0.0 2.601028226793465E7 2.3851443753363447E9 6.933271167574228E8 4.233334873316374E9 167.28533851179412 0.5248301697239065 
1.4732118732704568E-20 2.2342804280878907E-14 6.574802014044443E-12 6.741222392477882E-7 0.02790001089288043 3.1972944949485965E9 275434.8232752694 1372.8908826370105 0.0 0.06234638788287588 4.943859249580182E12 37997.35078769277 2.0048183567190409E9 0.026853430990999343 3.8768176371444225 
1.3493943625177879E-11 1.21685784668646E-8 1.8684118294856417E-6 0.46661258609949646 4877.333199162941 4.1975090404153556E8 8.727208098541775E12 98044.01664472102 0.0 15551.85079032712 1.184272320297222E8 0.0030169835313827204 1.4692440212571617E7 1.2683012886810936 8188.334437930644 
1.6412830713666043E-9 5.606464185866799E-6 4.886632502984237E-18 653.2350319446314 11.62315417089377 3.7554487997093105E8 1.460401355732506E13 7680740.188130702 0.0 129.3926391608754 22418.06453536671 39125.89660590125 9.033720157203696E10 88.69990405136413 45.38605296313931 
6.093967904492645E-18 2.526375211730216E-14 4.35008880215961E-12 7.897708426315318E-7 1.4508367552669907E-4 4115.465515729004 2.693702085704895E8 336.5500117471346 0.0 52.04795236561884 1.2706698027754563E8 43.428209292571346 1.3175031159129771E13 5.49313985052396E8 44.5143993652524 
2.0977956896718972E-18 1.2800099597677185E-20 4.2419145214709654E-12 0.0017012582455459926 7.074148668185926E-7 7.634311231574951E7 4.854900885030648E12 4405.206659032424 0.0 2.4182483963268315 5284486.369646401 0.004806199771193652 1.2354192729452803E12 0.06507793652646704 8.617319913605005 
1.1564120112607996E-20 5.431059392636013E-17 6.34383166060253E-15 5.779975046214854E-5 0.31926911580346456 8060692.025352481 2.114786126015186E11 1.9798717286966802E12 0.0 6.01639503017047E7 671683.1934774923 3217.30666820483 3.5719410116231626E12 309.64917215574616 20.12101382369058 
8.410785074611348E-14 4.018139971081115E-11 1.0345823573109631E-8 1.2009484197625138 49386.67792735756 2.3402276833890806E12 1.2479412088945007E7 7.071740889779729E7 0.0 4.540168942095653 11909.030279535296 20559.982019132283 2.7376367676668994E12 322.82092068923345 25.028578180835368 
9.2079928497807E-19 5.07998217629318E-13 4.9291365165522406E-11 45.050010964843054 0.008155282688101138 1.368463062826543E12 4.5788933000700563E8 2.3940621033344048E8 0.0 2781419.4752530702 1.4472708026379385E12 10137.76505920101 2.0647806478746455E12 0.09081112940823881 215.94595802040558 
3.005589045494889E-23 1.0266801403715214E-19 6.88666038647026E-13 7.489295986174113E-5 5.157250357898192 4.632000550673007E10 9.55050287468828E12 13312.153371771288 0.0 1.489977889367929 2468951.9738326888 28965.180979322482 2.0305995959842598E8 78.16301447279828 258.9753866663393 
1.0462589843993199E-22 8.376408297311551E-16 3.308675718536945E-13 17997.456529968942 31.349678196123207 3.161439148430738E12 89.19732790915977 1.5975389519484343E12 0.0 1272579.9957100446 3.371929681272701E7 102934.52659375222 2.0227148931796652E8 3.050767861569535 9721.746523375708 
1.0255136728166559E-19 4.523983893652102E-16 5.691892225556284E-14 7.189115379377761E-6 72.41197274180584 1.297362740359447E12 6513480.925744244 1377533.2287331168 0.0 249806.00935609097 3.726736846121012E11 2.182507214987546E8 3.558609002131472E12 5.485331762392447E8 53476.005295892406 
8.85903721657392E-10 1.8435745128076784E-4 35139.71028906708 1.7507259527365056E8 1.3847628647977424E12 2.0142310531807919E9 0.05230629269135566 4.654146038735616E12 0.0 388.35135845272924 4.255477003385712E7 17521.22494323658 5.038113210670229E9 25236.489041162706 0.0013598760370204695 
4.988060308815694E-18 4.3012275316595505E-13 2.0750702126839324E-15 1.1559142515860087E-4 26.117413668142486 221112.1174987357 1.9376059945021217E9 7.135717100645382E11 0.0 6.085172548462417E11 1.7075394562016706E9 170353.12450603704 1.1714256115880615E12 185.7175088705542 113.24836916940224 
1.4031230172965259E-25 1.6668701116887593E-20 2.8632250761216327E-18 2.2317355005205932E-12 1.971955669728834E-15 3.4187163403714087E-4 112899.85197758679 1.4684774889112707E10 0.0 1533.096531255109 21227.285816127867 877322.901841336 1.2009340391420578E13 12.513092092121495 269.000196660722 
1.0253669747649145E-12 1.8067169050539822E-8 5.4219332174240825E-6 18644.44031942115 34.98033009558968 1.0864458980904667E12 5323912.506153601 400737.7990937041 0.0 2.147619225479042E11 1.6848119053719895E12 6742.261875982397 6960807.581189388 61.17483908075069 25813.467597615225 
1.3141573252129381E-15 1.1702843411413324E-11 1.2235614173133695E-9 9.818841475689421E-5 0.7077100249180298 2.3538528784739677E7 7.438743765404242E12 1.9785615148824993E8 0.0 4642.893047747759 2.3975092722040966E8 6349.878488373656 1.4858785174795513E12 11.894104755994341 0.5564131026223934 
3.3192067533450216E-18 2.023588468497134E-12 3.002646506889806E-10 0.03301783506455306 864.2293255995345 1.5666037539512238E13 7.954785700726692E7 1.6569264579497612E8 0.0 3029932.4564315467 7.956451733275744E7 43118.18334660873 1.1320325289539582E8 74.06505566223464 313.05445637038144 
8.084818913367314E-23 5.556564613215913E-15 7.892908512932612E-13 0.009068914911829932 1465.4751836838857 8.936709889106015E8 4.649240885505478E12 1.1499421250939177E7 0.0 2.3575356991088447E12 17368.01849831586 3102.088768342712 5.638547726336075E7 927385.6316146248 27046.69812445981 
7.146661322053834E-23 2.271174534291023E-17 7.201682441342141E-16 6.926672607405375E-9 7.283321638776766E-12 10.49672235924658 3600405.793678118 5080633.868932605 0.0 0.09015625602352594 0.014218871800433588 8.380038548230797E-4 79.21613292197722 8.420832427957553E12 0.8966692744361299 
1.0860202352002644E-28 1.0913247316914388E-20 1.898936942942332E-14 109.80828643809213 0.045655768920334724 4.927099581921615E12 249336.75467676303 3708258.9417490363 0.0 2.5608363918058803 1096364.8983009977 173380.8449157863 1.1530675380321672E12 4.913517910050979E9 8.724924300313445 
3.9361163209431025E-9 4.658543175857676E-5 0.008449592393079559 1490.8324466264335 1.845773749347091 7.381758655668856E12 4.6701753477495745E7 1.6899148780408613E7 0.0 4431368.900370282 6528558.279033951 6911.614514103652 4.699152432043557E8 42.33781503224851 65.34755699795363 
7.910106934553596E-13 3.996044596551816E-6 5.925981717232226E-4 21.558809978216118 0.10850304092525483 2391809.959804072 1.1046120499453232E12 1.597320370366943E12 0.0 2.6386709012392466E12 2984326.256282487 251347.80185637635 9.608851170063123E7 8.06188659529667E-7 252.1972932591195 
5.2961346381050555E-20 3.2212002778000516E-13 8.612762906642021E-11 4328265.932661818 6.624297004595041E12 1.6232139543288887E8 1.4784085997222591E7 8.290666652014029E7 0.0 162304.17680233376 1.5992909581617136E7 12215.92300476334 2.308289992895007E7 43.15766693005963 5.610877442485503 
4.293715729377548E-22 2.6762602042968622E-14 3.801460459272465E-12 0.019471965475747626 7.592550178989266E-6 4.6643274568958914E8 4.688633962850259E12 2205071.5470073894 0.0 2.287342396165247E12 3.0160362891976637E8 470150.0424427567 1353639.361750012 2.8696961532667513E9 27237.25814315615 
3.370941597637563E-14 1.8802565240467142E-11 1.4417548665157348E-9 0.00854622125414645 65.8282657717101 2578178.0421325383 1.330789426813769E12 3.3859569054346173E11 0.0 1.846759615675132E12 47947.29298394693 57803.78614525983 4.283164400521949E7 1.3930229330802142 6.565113532832863 
7.466818298578937E-21 5.666225581161671E-15 1.0275467714852637E-12 1.8550004654263807E-7 3.4077009570402656E-5 966.6336150985584 6.326922131048924E7 1.985421612202811E7 0.0 29.60846538342809 8.782959788303186E7 26.79888580761323 1.5754359314355492E13 1.9309638412865198E8 46.85362943352411 
3.044006570036275E-27 1.2110848282626146E-20 2.7871356794981364E-12 0.026232465083821745 0.7326297331059817 5.273387667142382E11 1.2001745031189258E8 1747310.1394945856 0.0 5.888621581435997E11 3.0408108756158955E12 2743.278534822546 3.418013648658846E7 7.041624877844556E-6 91.42965052767923 
7.324568028424073E-25 3.2761937032164183E-18 4.734746615487427E-16 2.7465224039963423E-5 0.2858459470908927 9469309.293435795 1.0995441332242795E13 122050.79975134984 0.0 19359.833384338282 1.4742499212311208E8 5952.595026426017 2.421247561936045E7 2.040812487128931 9124.968818990508 
1.1140774794239152E-15 4.567618396968696E-9 1.0698028620317492E-6 1.4100852702512348 4.104609736667926E-4 9.265215199674741E11 4.0544074910059325E7 68019.21763736161 0.0 9.063060458372535E11 3.96886495563003E12 8100.500726667394 5.234050782422092E9 279.79560133600853 134.62268479970436 
1.2323896343626427E-7 5.663049447486801E-4 0.06863203928151052 7.81674386418994E7 8167.121585167919 1.7333842388113342E11 848965.3324975008 6.739823646681992E11 0.0 6448.125621282394 478554.5752816001 20.5533177763888 6.825546304298445E11 27.449397235299653 5151.5046126278385 
3.460060387659725E-29 3.135668088480324E-25 6.746508716448403E-22 1.1128270861014743E-11 8.960909628826343E-15 6.96642455835347E-5 3011.688611447134 30.025009537619184 0.0 1.29517829562638E8 30763.67607294285 8053.595971072618 8.673151308590692E12 14.277199342962302 358.73057265446556 
2.770249897392453E-20 1.473258584688193E-16 1.7897944345958625E-14 0.0010457844106545827 24538.393763744207 2.5480528340308186E7 1.0211229113851484E13 6.264621143731588E9 0.0 1.854301157750949E8 1.9314203952614576E7 0.9499512527021381 3.182786086733543E8 2.900272430601402E8 18.554838861084125 
1.6258705639474275E-19 8.701563619740428E-11 2.9637138047291584E-4 2792097.0638289214 8.750744986056404E7 1.970123292275906E12 9381970.698511973 102925.98139705016 0.0 202105.27438601424 2.6982124336309946E12 15988.820905938475 3.0330697743730213E7 10404.706593041774 1216.4797382195109 
2.2463188952313605E-11 6.571894253512851E-9 9.879462055428582E-7 0.6277516139563487 514.9259878962587 3.984048721540254E8 1779.1713501055997 1.9824243506463694E12 0.0 1.458262903099844E12 300662.9779284169 2999.110110966848 23740.08083066281 225.96820763297794 109.84456118074804 
1.8935230097440746E-20 8.802438417218611E-17 1.0705105727477985E-14 0.0011546249916936804 1631.6702888788989 1696468.3761827643 6.705391067779508E11 1.5675571980794934E12 0.0 28543.550641172977 106663.1568436059 1.8198808686928093E8 1.9971784765687222E12 0.011689954530680636 20.845642597695335 
1.3903341483175138E-23 9.771570107886E-18 1.6601522734612722E-20 9.766878614313346E-7 0.16934326780432546 639662.9427612206 3.840028506663909E12 3.25418795626072E12 0.0 2.4367170985694468E7 3.646962084582102E9 146.17349693092024 3.5345955804245085E7 2.3343257552609434E9 100.6044123472938 
5.368659645262228E-27 4.5560142737668035E-23 1.7155640712479473E-20 2.42161028648582E-11 0.00145142680058497 2.2370341754020564E7 8.821277968197107E12 50442.74328804029 0.0 4152176.990505279 1464664.2757676414 3278.175995622794 3.918612078557267E7 7.573979284445019E7 5162.147406622793 
2.483013720265674E-24 1.0913052985104239E-17 2.3058489971002877E-22 4.002699657052234E-7 7.488020138865704E-10 276222.8443729375 7.90927824555806E11 43511.04750925045 0.0 7.732320369283815E11 3.847641560526373E12 7244.6049473044795 5.976877600776313E7 255.63659414916506 89.49017271791705 
6.460019451800446E-32 7.674318796281658E-27 1.3182372079011843E-24 2.6761618749791546E-11 2.1247231664471413E-14 0.004077537404923043 1346567.9033168126 1.5466422075487803E10 0.0 1478.947130920618 22649.86303781914 854963.1584363373 1.2805488309888172E13 198.95760226819198 0.27238599328565904 
8.147065579683648E-26 3.580703466056306E-19 2.5744693836019503E-24 0.0030769413483027 1.5646181324990825E-6 400992.9487811846 1.148393444064879E12 395728.31391119905 0.0 5.481504297783825E11 4.040728285510429E12 1.0441890972862267E9 3.579003164095213E7 272.7263199771641 92.43306648347126 
0.05526096958252356 5953.123632174369 0.4568306189043177 7.805519117045764E9 3.267692794198476E12 1.8175736357949564E8 830350.817027245 1710881.2687900385 0.0 2.7526823932410735E-10 1.3199537234986689E7 9.827236150718548E-5 3.633527841063334E8 921.6513264952056 36.06067979091229 
9.644523806930338E-20 4.529525904182057E-16 5.312997860688703E-14 0.00585767256923024 314.2538648435088 3138365.419191268 8.396689181268263E10 7.8610159770487E11 0.0 2.2987616376433823E7 6.913473967838015E11 1170.0427869645475 9.896313027930196E7 30310.222862255003 0.52956930076865 
2.5441468466627455E-14 5.7019064785066584E-9 1.4012707163102151E-6 24.540653359198064 94269.52701652254 5.21062960456524E12 1.9369901094349664E7 6.042351279047308E8 0.0 2.645589841517428E12 3.105398244488885E7 4830.134056797827 5.314428500382887E9 312.03135034142326 550.1488808075187 
1.2575118947055906E-11 1.3244024730547185E-7 1.6355007150688033E-5 134.20393502176523 0.27717514344060595 1.477468108391303E7 5.279592701421152E12 9.660248681744731E10 0.0 1432.2126034706782 1609160.0203472306 300.8453095018506 986314.2213304142 4.999021440389724E-5 6525.812683026773 
1.1416753441196905E-22 3.044626196115682E-17 5.789276125035486E-14 1.8785081364808652E-6 1.7750285249696582 42074.33842938439 2.3781815291800394 1.5467598655905504E9 0.0 8.058030554976386E12 1370.8568690124557 269745.14514802437 6.492897669701456E8 0.0026030189712452335 6.278778494224216 
3.3492041293597133E-25 1.5064901977916292E-21 4.0590283123315663E-19 9.374894090957148E-9 3.792615573630417E-7 131701.2573936979 3.467227295340402E-4 3.371121639646494E8 0.0 6169.0276656156 5.886701271547462E12 126597.71328411734 4509548.515276159 2977811.5411954178 6.456386293538746 
9.498171427426686E-22 7.515514345992509E-19 2.3313941660538683E-15 1.1993966442723342E-10 2.0979599635189365E-13 3.613412872885205E9 17728.376673641247 4.845587173267076E12 0.0 2.7835197365118023 1135559.432826134 4839.150256097621 1.2583547908883647E12 230.60958269100615 8.768752811169634 
6.765408990071123E-18 5.210358042721522E-15 1.6178208095569784E-11 8.322954900847746E-7 2.309465704903143E-9 46402.993620915644 3.7379779805636573E9 5.025725062059387E12 0.0 2.8869989126812574 1171915.4844593974 5019.037074020064 1.305131895787131E12 239.18208443559143 8.930247097083429 
8.266608604221566E-33 2.7195430226247177E-27 7.0621555576188295E-25 2.989415024997027E-15 3.2489131260477487E-18 3.083058514183316E-4 109.47964927950554 3884013.3447092404 0.0 0.020501986352803158 0.003233443007312518 1.6223181573991582E-7 8451231.127385635 1.160590649907997E13 1.0120674361087805 
9.819801035541474E-22 2.973335686310922E-17 6.2712721798547675E-9 5.377011563122369 121.152441810617 1.5030189865597876E7 3.06042949986205E12 1.1561954603688024E7 0.0 80261.19882498753 4620933.378628295 57779.6858605116 1.8001433050939565E12 7.097709741226819E-6 8359.68249152202 
6.215646763585154E-22 6.534982127953298E-14 1.7680429488318258E-11 8.516894794901831E-5 9.479147496805883E-8 4.392925204401683E7 325533.6820152881 14.17758922102492 0.0 931.3928437048502 4.3915242164862476E12 87929.23546052267 2376333.718557888 0.00289305287734068 3223.728156762358 
7.536460792346559E-17 4.592552627174636E-10 3.185963918563277E-13 14746.612581735304 25.687058697365945 1.1425503287007456E12 55818.10156670449 2.1656751586712197E12 0.0 33.84286836693194 2.350572284155132E7 68525.0793180714 1.4100278579453966E8 3851679.064648113 8123.134560068665 
4.8015267317805E-22 3.371575999867849E-14 4.9532374349376115E-12 0.0019561435876107648 6.457324910616127E-7 6.220656544457271E7 2.4496491863008594E12 1.1287821655263848E12 0.0 1.2966538390674391E8 1.7485338981405563E10 564.8528910905059 1.4425097194371086E8 0.011800408775487086 28.698146167174055 
8.4522390255724E-16 1.5934081446738273E-4 0.026614701769075853 4904.110258006773 3.0248418836671334E7 1.1481752095503115E13 1.079413496942126E8 4283461.690566182 0.0 2073050.5632504635 2112.340455775905 6.914447157041932E8 6.6460108788288765E9 5.359369482254E8 44898.44171311244 
4.386483835225949E-21 1.5987805764281427E-16 1.6538842646031563E-14 1.311098044378041E-7 1.191112927847471 3.872172879083035E7 1.350192774786802E13 3.59063862156264E8 0.0 1.8962046255807606E10 5.214061118030227E7 12304.320669188777 4.276141761920158E10 0.00635438213193054 0.5662761802155515 
1.3595016972323996E-37 7.606671222194114E-31 1.849634517660924E-24 31.545064923464494 868.7643377423624 2.4473987429085825E12 1.1954895485699292E7 2.185013867033818E8 0.0 2.3796230457309116E12 2.094707592831144E7 6.632952173305244E8 3.2378782709246363E7 0.01268011085659639 7115.765774864748 
6.41836279790839E-33 2.887014427146296E-29 7.778658842304239E-27 1.9024223251832652E-16 7.696250884123612E-15 0.004686108138889727 140.9923148059352 365028.53915261454 0.0 6.232355784094532 6.94307164640327E12 153352.95228503644 4210971.834373875 3459395.841012985 6.958906990361526 
0.18319448447748266 59348.268080271126 7258836.25002329 5.587849747663006E12 8.050538868672012E8 1.404139575541174E8 5.741370435517457E10 8239.959507555652 0.0 5.275792297624363E-10 9.539453183904813E7 1538.4715488835814 4.111876803749805E7 2.9127686925877797E-5 0.008496823113146172 
2.9561680407018504E-14 1.4323865143300958E-10 1.770918499713388E-8 5.925082711352495E7 17017.221897799525 7.847832330680629E11 49474.61675338349 7.557083502075405E12 0.0 88764.32092232343 1.160692236746996E8 8.668208416884526E8 4.636923262705105E9 0.012794702931019008 54298.499370826925 
4.1195174396875616E-22 3.2957346434333486E-18 3.2717227781137546E-16 1.3211101061938648E-8 0.19099024730143968 890.4848480580852 0.3033177914321718 0.024372004676009584 0.0 0.0018934227643505968 5.479867397982672E12 1.329560773536835E8 2.056248825074571E12 46.19188367633126 5086.6071446401065 
5.406797947949522E-18 4.409434301234991E-15 6.803991928432936E-13 1.7338185086372394E-7 1.2054789392580535E-4 93.81867829194293 5.110050403372178E8 2.528231658482799E12 0.0 2.0287229961523833E12 399216.3356531444 5.480728524438459E8 2.0063249831113942E7 1.2228310214633298 7924.752850696203 
2.6033796130827026E-21 8.892892894344471E-18 3.3084846278333206E-11 0.003598970691293847 0.13567806576764116 1.6354155846692197E9 8.463721997680261E12 10599.780147025396 0.0 1.1863924348046733 13203.2143822057 23043.36308644135 1.6154514555545133E8 45.32621345253168 230.98997369567965 
2.587493997991911E-22 1.215209929016728E-18 1.4254047531094632E-16 1.4123421546036122E-5 0.757697081389196 2.3207481596673403E7 6.088419585680223E11 1.5161960746337622E12 0.0 23115.041389442053 2.0089974276517434E12 4.7910954011984503E8 2.912464431518029E8 89202.35824044599 18.54504217967062 
2.4410054506833992E-29 2.5664146630577863E-21 6.8669920465176315E-19 3.4913944769162567E-12 1.824183621269786E-7 83668.26957728242 0.669341198056013 6.100847389599581E-5 0.0 1.48074233401202 1.5395212459976455E12 19909.919148663812 1.2579316179155254E12 575.8352052117732 247.39397220349028 
2.235392542476186E-15 3.6089535443227617E-12 4.5913663767819486E-10 19.341490283152584 0.03991653848944128 9364231.924796132 3.3352242994864106E12 6.102572293836969E10 0.0 106956.59119493622 1016829.3569652468 294.2975890610892 1.5733520246259889E7 3.1685598501154756E-5 5195.448704761378 
2.097441272174594E-29 2.2051995149393945E-21 5.900483560996706E-19 2.9999912008702747E-12 1.5674352608286766E-7 71892.21217580278 0.575133436746904 1.067024123900398 0.0 1.6459438908536E-5 1.3218763481310522E12 17095.21793495304 1.2377482207325977E12 486.7245273106122 236.91174618437637 
1.5589050496026907E-9 4.143675997416099E-4 0.11761261481013863 3.9988182802453125E8 41779.42715704979 8.867236735169452E11 4342935.867681294 4.236903093717639E11 0.0 570.8907925401668 808991.1841931251 82.68447225548988 1.0319175352953807E8 16.868938248733716 4038.4207170619134 
1.3467893081115361E-18 4.376298081869365E-13 3.298064866507588E-11 0.002129204495950278 2.318976633301827E-8 12.571718258491025 9.42207089230676E8 982801.4311644417 0.0 1.1910980018651506E13 7.538736358340734E7 665.8871891433415 8.461209687772772E7 0.06274682050088044 0.03872227756947343 
3.0506057270017364E-13 7.820704099786977E-8 2.2199574565992432E-5 70043.54938437487 7.914738263873381 4.209827845693918E12 2.025874537262956E7 7.837185632646184E8 0.0 8.529069769490158 1347989.6539956045 71.08143854465298 1.719437464688869E8 28.107947992271747 5212.934373946526 
2.1382322514157946E-24 2.2576520780096497E-20 4.318447428392547E-16 3.0375206298992744E-9 0.011462048652130656 1.856600249536003E7 7.291061283463322E12 2.7162262245362546E7 0.0 102266.11867289848 1.3656476243411613E8 61082.236984186595 3.5220148580286093E9 0.00915078982770914 0.22137355145438437 
1.3383946984027523E-16 1.1951347619988383E-10 3.493924197135427E-8 0.9068775689688601 3.0428567551089777E-4 5.8670066623750824E10 33109.69900060107 1.5095818603924304E12 0.0 4536217.07406249 2.3612242645187085E12 2888.156141355905 7.00422828056282E8 184.2734233952336 6.375564482779897 
7.914531645261763E-35 1.098639277536986E-28 8.759648897206108E-23 9.546549942745267E-18 3.9488995339741906E-13 0.027749129535282996 997.1173403890463 9.881271790374671E7 0.0 22.337112866565384 9.061859625141764E12 105695.66396863974 1.847142709371333E7 0.00945372333835806 25.24361978935839 
3.351984781741026E-34 9.875182009606212E-30 5.6883255615295365E-21 1.5619287436304293E-12 3.591464205433409E-11 1.6732054640706844 336355.28649976716 1.2707288816964346 0.0 4.1791579862526074E12 6259378.584928253 5171381.2420178 1.4524538838358542E12 0.055481747639164254 8774.204632363779 
2.4477080036376848E-19 2.219579748776591E-15 4.560119079856033E-14 1.4586900143372214E-4 1.5477660451494375 3.789495599932093E7 1.2427303326333977E13 5223918.177379828 0.0 11190.2797117518 2863704.9258644977 10405.269071346323 3.616161088146743E10 200.44290558435256 95.07362855636629 
7.2095525313529585E-68 0.0051284353651148105 0.006947600082229143 0.009989686261811931 0.012264364166708622 0.0013282377568985988 0.007965599765157831 0.015347624263995482 0.004120408930912065 6.161682837083149E-4 0.007279595421014734 0.012384138608996053 0.015127244003635718 1.0757437433919674E-7 3.3757244210677546E-4 
0.0036876368271059525 2.0920912901345252E-11 0.005502769603162306 0.008170428522185197 0.0067904725794175605 0.014821746425619902 0.015619242452041073 0.006472811818570123 0.005928349585494075 1.4979837040097584E-5 0.010263065159297138 0.006737676276354575 0.016422678302374694 1.1182046528342027E-4 3.4761954322750385E-4 
0.022841750635948038 0.009678198127383554 0.0 5.4805882206193705E-5 4.136792463010521E-4 0.006615088815501681 0.0 1.326760158544934E-4 0.020288618235686246 0.014871140292855772 0.014834844944454594 0.008139527763587716 0.021580716809611454 0.001492603849513504 4.223552407871665E-5 
0.010523148343827006 0.007017913778461153 5.961060012537826E-5 0.0 0.013653188505874573 1.8182153511773612E-5 0.0050545587428387955 0.01658166600449599 0.012980310624528943 0.008855634945451772 3.8282475393032546E-8 0.01447976276849802 0.005610869931424235 0.010614674502328768 2.9395794540187287E-6 
0.004931571332856169 0.017078634654959624 0.003924613315499411 0.011201863581139672 0.0 0.004557740439152326 0.0023982096144298188 0.0 0.01075127980843539 0.009295350254104157 0.015929960361123686 0.007135320789505793 0.009138049871076196 3.290043676397574E-4 0.0024590592695172696 
0.0024942354201153757 3.880748635248921E-5 0.011531243748056362 0.009741252052589975 0.013124855995979637 3.5725614736622574E-9 0.009349817761652121 0.006357187699226647 3.5983946794043825E-5 0.010617597539236011 8.449990070803631E-4 0.012330802587577577 0.00844319001199779 0.0179704163805218 5.238954051497742E-4 
0.01225277314574709 3.6466404623490366E-4 0.010502420536368434 0.0027837975012111418 0.012745137672072039 0.011380161186691936 0.0 0.011951033127163165 0.009006375184439665 3.498936572917074E-4 0.015242167280254456 0.007533513019417202 0.0013065596671061111 0.011023542555994978 0.00813613787427215 
0.00317645743381849 0.012247531555137787 0.008044444022232798 0.008797315439547043 2.4178297349017012E-5 0.00758367369507185 0.01310473471028442 9.106511291048332E-7 0.004877953882898731 0.001461296489141088 0.006209951051614524 0.011833896008662914 0.011598097962959915 0.002003791393460249 6.81839785902439E-5 
0.004269734254131055 0.008548329477735105 0.002524777551655711 0.006549637952145679 0.014001682675785996 0.016760581781885373 0.001600416042338689 0.011429508410965858 1.289993235850323E-9 7.915235054320436E-5 0.012230289120905258 0.012007321994648866 7.319661056968579E-4 0.017528584626628874 9.689292609214512E-4 
0.010854292527609314 0.006176023284018611 0.006101467198973214 0.0032930095167721064 0.009734059203770337 0.014215263156339891 0.007552910348930476 0.00969965002887008 0.004394314691335453 1.177941884138582E-6 2.958453453966154E-4 0.011618152367611446 0.001227666858263871 0.0037420533649898838 0.00762199111813604 
0.0040709975808673644 0.013052713075111575 1.5190172325274233E-4 2.457456521280883E-10 0.0043689670485842725 0.003959782048696219 0.0031711444517194443 0.016000034858156455 0.01045809100578341 0.0034428428002983703 0.0 0.011273469023886495 0.0141497446502021 0.019424663031866067 5.400363500829257E-6 
0.0055973308193660596 0.0011522617351731974 0.0010914563282477872 3.4717572014337036E-4 0.023225317777062764 0.01885129568010762 0.0010492824123917496 0.018270925218701762 0.016862260712627097 0.0031551632755999837 0.017049483525381152 6.762495084199485E-7 0.0027690347662170565 0.0019769699764642123 0.0010179047620045376 
1.8716629582813955E-4 0.015367059609912581 1.5798545113023693E-4 0.019890408354100615 0.022750067332996983 0.016364296644486524 2.0172624884738885E-4 0.005659666784694702 1.9205867581175875E-8 0.001241963977290404 0.019588326752261607 0.02391487532095576 7.592554729432041E-10 0.018540812328406844 0.0030279191692791957 
0.010098348549629455 0.008937975361278884 0.0032473257778148244 0.002619110935153114 0.009230642383922136 0.003982224203499413 0.0032744918805661756 0.007214330091581183 0.003974735392994855 0.003859868359379644 0.010722940905538216 0.009651920297886479 0.006371977182711768 1.7913754504384144E-7 1.1055302819298091E-5 
0.0039203476185066 0.004425228856867894 0.003587088714057704 0.0060614463227497105 0.009539928963027168 0.01304220898602002 0.008877086937697632 0.005489114044395985 0.0076119144342722345 0.0010674412532088414 0.010500341855693967 0.003981674623868382 0.0015033027403991506 0.0014517265212730906 4.928670739149214E-9 
0.0047059166762114845 0.011965669825456715 0.02211511383249416 0.033701974447710455 0.0010942004857220648 2.522000308641358E-7 0.015548597379142715 0.032347929267375085 0.01375581855402891 0.010320209402628379 6.691858832860045E-4 8.796320271876356E-4 2.0544314682800877E-11 1.5970925220358455E-15 0.0 
0.0023333016191826625 0.0034336733013421747 0.007771865106933433 0.0190857231708976 0.0012699423455950591 0.01297163422213111 0.010990882590665668 0.024772275699876438 0.018635331601418195 7.158270257597329E-7 0.019804856452635154 0.0 5.543287869277613E-4 0.0 4.5550751407034615E-4 
0.029705757771160184 5.246450488098E-4 0.034402583335177206 0.00635941214380744 0.002719520410009599 0.0228236752968941 0.004575151910251753 0.027313741679232957 0.016292986978349185 5.438644975375504E-6 0.0016460669965445566 1.036683329515978E-7 2.129418017663844E-6 3.440071822090762E-5 8.416399721332845E-4 
0.01797928616170411 0.005190638161991745 2.3249111485465334E-6 0.02095504019493108 0.026684190297081977 8.47794333412785E-4 1.368472092956529E-7 0.02166296778883925 0.020483597508800837 4.369550405096206E-7 9.736638288999888E-7 0.0011072607297806123 0.022718398869495778 3.512683065209049E-11 1.8108558744648075E-15 
0.015612943946935052 0.0 0.023001935688920876 8.927952147095544E-4 0.0018615395338212504 0.00988178344559141 0.004238989564339946 0.027716615404791586 0.0026916494531341417 0.017806053012154304 2.0817390145617804E-6 0.011907829746963687 5.533140401183132E-7 0.020255675349957182 5.259008327700352E-4 
0.020086577229551254 0.0019724323284517264 0.009826700357420491 0.0068781929162587425 0.003249455552172445 0.007170761616603287 0.030643647746528366 0.01389383917057464 8.52969517482885E-4 0.0020569442844459167 1.4881633358630184E-8 1.841018744257123E-9 0.013762485511931785 9.274788542450621E-4 2.8117232110411524E-6 
0.014502583175337485 1.7850745085853972E-4 0.0012417129180608314 0.01117908372265552 0.023973340304126314 0.005271879840747292 0.0023122957331382543 0.009846345919810788 0.021458256558885568 3.9460861366899606E-10 0.0010539243230648623 0.0021038714216248607 0.021010114176172722 1.2005087828672273E-8 6.403757136800895E-5 
0.010913232291766934 0.003543695701178618 0.016805454849248988 0.021273707837064053 0.01277007392138189 0.00507065161040847 0.006700385543739775 0.006590041536575478 0.0053796541753017854 0.0 0.003570249511057262 0.009513525591291726 3.1504244294652103E-6 6.344930510420457E-4 0.023556389726041422 
0.0023333016191826625 0.0034336733013421747 0.007771865106933433 0.0190857231708976 0.0012699423455950591 0.01297163422213111 0.010990882590665668 0.024772275699876438 0.018635331601418195 7.158270257597329E-7 0.019804856452635154 0.0 5.543287869277613E-4 0.0 4.5550751407034615E-4 
0.00852690463845418 0.018833484507050094 0.0026994934663890757 0.01988512065345574 0.008583293185420584 0.011501738859316041 1.4973839238092607E-4 0.02024528180128491 0.0013758336392639982 7.711492098064693E-7 2.605793974836734E-7 0.0018478531971003612 0.018730289399189266 2.908695410192077E-4 6.657735745789207E-6 
0.002979328117722637 0.013858520845040008 0.01879264069572663 7.190522454754773E-4 0.006664131442039339 0.0019626748693140172 0.00439119576675796 0.012933047626512467 3.4195214011980038E-6 0.0032499258773516135 0.020764308660695136 0.010919260998083805 0.0049426541999803624 1.7185037019086753E-7 1.0194892314503781E-4 
1.8716629582813955E-4 0.015367059609912581 1.5798545113023693E-4 0.019890408354100615 0.022750067332996983 0.016364296644486524 2.0172624884738885E-4 0.005659666784694702 1.9205867581175875E-8 0.001241963977290404 0.019588326752261607 0.02391487532095576 7.592554729432041E-10 0.018540812328406844 0.0030279191692791957 
0.022302641974795027 0.03376611443995 1.5889434425615855E-4 1.5105772923848534E-4 0.0028873522221874535 0.012878591429965005 0.022214384322399177 0.0040577870394469555 2.152779874078038E-17 0.01487687597365956 8.800352153594451E-5 9.145711570076573E-8 0.015049095483790595 0.01009304162679231 3.951254859235932E-9 
5.319059378211452E-4 0.019365280625555693 0.021021024965008208 0.026202696118852193 8.764820963447755E-4 0.014980712784574628 0.012226780732461579 0.008887024920710892 9.646943307785861E-7 0.0 0.0 0.007523116626410679 0.013988825666998 0.0010062920473760722 3.919574189326127E-4 
0.010132180491854315 8.47508111485581E-4 0.011157880838855307 9.32285083267318E-4 0.0072348080501342385 0.01495055839221622 0.005469418291240523 0.019653068824706195 0.0 0.0 0.007252768935558551 0.005557663022991668 0.010635469137681385 0.01876874247948903 7.462593886038462E-5 
0.011207486758263965 0.004319139886618164 0.004421216890217939 0.01892148962301715 0.0 0.0011307357409583785 0.009094020150639133 0.0 0.003479321234441436 0.012919613844541128 0.008599483741798093 0.01752765806450321 0.01371301833066457 0.0 2.6854386000980495E-4 
0.00972977015933408 0.021576155682725345 0.006215354652992666 0.0026140928306672916 9.908324110603343E-4 0.017612580848274016 0.012454315100058998 2.724317771316925E-9 8.273477415676054E-8 0.012426236362337159 0.001077662808328953 0.006163689299267851 1.088460604272578E-6 0.021814878114843426 0.015153346734831891 
9.442740985840214E-4 0.0037057796358941734 5.39781340611144E-15 0.0 0.0023329991844949953 0.008375152512070945 0.02547848713315346 2.3258812920206827E-9 0.01814277230163677 0.02060154416360695 0.019323696265421686 3.295300071138329E-7 0.015350674955966117 0.010628073869653316 0.019994168534543933 
2.886014159202084E-67 0.020529342166394522 7.730504627839409E-5 0.01735398347256356 0.01207309465627855 5.35633881950444E-6 0.009316929637417613 6.357909292998137E-6 8.240219355850549E-4 1.5015768619350582E-4 1.1086576470909065E-8 0.03514424803332199 0.024545842556731437 0.021457205237273083 0.001993463890360756 
0.0105589492676601 0.001333742922397684 1.6886159776612228E-6 0.020842901079459027 0.010323523718283337 0.014525226911145363 1.8338274446717414E-8 4.828765693469274E-9 0.0183401339261231 3.592101195925402E-8 0.014536087504714305 8.88177697232838E-6 0.00868349179811425 0.02896903092971952 2.2989262461167555E-4 
0.022629296628056 0.025783096533646414 0.027525818094364315 8.23797885812081E-7 0.0013709258032948463 0.018986073030351987 0.02586256295741671 0.0 5.849597906750727E-7 0.009517857763445436 0.01672346468677914 0.004098500903233108 5.260946045279963E-4 0.0 1.0798698920240148E-4 
2.2556969601030485E-4 0.01592726508951713 0.011430906362265911 0.008862202131867367 0.011540743956587805 0.0022383704906311043 8.714202522417808E-7 0.010683409956423948 9.210524158062656E-4 0.008419119711119659 0.013364323238047048 0.011747705104541695 0.004327421118267251 8.658486022461915E-8 1.924092566389924E-4 
0.003953012558821804 0.011813329693538809 0.013551164592035175 0.020046927757846722 9.218587290722687E-4 0.025279977813106806 0.0 9.666281440658175E-5 3.643035251435089E-4 0.003011833232835965 0.010579949729509869 0.02545372842958566 1.0047511494167834E-7 0.007110234694333071 0.019508135345879658 
0.020441552589981846 0.012925656417821091 4.600074879331678E-5 0.0 0.013810952658532796 0.0177736768896605 4.174015819055869E-16 1.352408197413997E-7 0.020447606661216724 0.012667965130873779 0.0065113755915408005 3.8175793104620025E-6 0.009191632569868248 0.014937285024604181 7.509838133845116E-14 
0.016973305452115926 0.009905456438000518 2.152071107857397E-6 0.018133898146170824 0.02786397010772458 0.005740321094610989 2.958906889111481E-6 0.0230371379250749 0.01348384865898805 8.557756601233745E-6 4.886821637209084E-6 2.487843701298034E-4 0.0185840534534354 9.280888102810248E-7 0.0 
0.009242047046697042 2.269136434504234E-4 0.017506099296924052 0.006262267130162623 0.013524468179871489 0.007317049817184124 0.0 0.020491736240967458 0.0073009390451585915 2.489467642862246E-6 0.013623432160568211 0.00984750607961347 2.579213959356019E-4 0.005576768638368674 0.015677217320923795 
9.107783203530893E-5 0.0209454892841505 0.021356716106393822 0.01804953980337766 0.0 0.025575074821448135 0.0 0.0 0.0 0.01255364265456629 0.00827602784340227 0.015259476026049542 5.507817673120767E-4 0.012136310677081147 0.01775471858545133 
0.01519735279581385 0.011711787144714825 1.2914172313313583E-4 3.5847714541987325E-6 0.007260328046774192 0.017263989536396285 2.0994142554854293E-17 2.2701372932553545E-7 0.014233816613531262 0.010397059868265075 0.010057265589691665 0.005990971884063759 0.004434874353550092 0.01473025933796818 0.0013026212357606448 
8.028627318943372E-4 0.0025916418147999814 0.014979906394206518 9.537196765579246E-4 0.015037415777244295 1.2173800621130411E-8 0.014807367845593064 5.362949221066384E-4 0.009466465871109284 0.022105849564012545 0.00472045734934366 0.023487064790204737 0.017564493064771623 0.0 0.0 
0.023454027551840645 7.039794135283609E-6 0.02538301431639616 9.847990137430377E-4 0.018788989911984567 0.0 0.011681967883361179 0.002624258752538907 0.019375306583604136 3.6421657774143587E-5 0.0 0.02319825140323794 0.0 0.023750497516444126 0.006794787105042932 
2.428769833391733E-6 0.005617343560669957 0.008983546022193352 0.024138606098744093 0.016515609954304747 8.867528456941916E-8 0.007055783156114026 0.006907562550504484 0.0 8.609105210732117E-4 0.006434916142624997 1.5305423275852588E-7 0.024514959471912002 0.022336656566158734 0.0 
0.012563420945624872 0.0066890518756389005 5.012129265860786E-5 0.0 0.01564501204477976 3.985769168717511E-6 0.004870710787201181 0.016111987338891885 0.010006802818531165 0.01881224412661582 0.0 0.011901458874249976 0.0049602877048194865 0.00588696572250588 0.0 
0.005126835097725369 0.01707641754505622 0.03093094216807115 0.016966250144821237 0.004798352911016057 7.598646933832292E-8 0.017352288626264555 0.018961933066915362 0.019332610549276145 4.376979795848776E-7 1.1106957123634022E-4 0.013496499416551478 2.6489246664997554E-13 1.2941476159998142E-7 1.3462061974473857E-15 
0.008936482800736745 6.08519082447609E-4 0.006500013780684139 0.005994710919368149 2.858946738211154E-4 0.0 0.014326440969745802 0.015944356529609287 0.0 0.007019154925920431 0.014786260781673902 0.01973010729514057 0.01865347194158121 0.007358261702336835 0.0 
0.022027244132238923 2.006710308966466E-5 0.0036443417639024393 0.0019533096183246444 0.017270818043885788 3.8800496850769747E-7 4.820831563850511E-7 5.708189988657584E-6 0.014757328460489622 0.030994056198767776 0.02969783623016421 0.01857875069440611 7.352574836232799E-6 7.169345428959393E-4 0.0 
0.022027244132238923 2.006710308966466E-5 0.0036443417639024393 0.0019533096183246444 0.017270818043885788 3.8800496850769747E-7 4.820831563850511E-7 5.708189988657584E-6 0.014757328460489622 0.030994056198767776 0.02969783623016421 0.01857875069440611 7.352574836232799E-6 7.169345428959393E-4 0.0 
0.011207486758263965 0.004319139886618164 0.004421216890217939 0.01892148962301715 0.0 0.0011307357409583785 0.009094020150639133 0.0 0.003479321234441436 0.012919613844541128 0.008599483741798093 0.01752765806450321 0.01371301833066457 0.0 2.6854386000980495E-4 
0.02225262900767891 0.014487274585852488 0.021093620886924454 0.00534637202985172 0.0 0.021310499062155406 0.020107283154755826 8.136418985665218E-6 8.859646067413525E-4 0.01376637165004315 0.0011282680951414889 0.013512680934550485 1.4775469917912731E-6 9.822745236643858E-8 0.004395492060930108 
0.003511398832847262 5.135332483517147E-5 0.0015766575111495317 0.01601096722077741 0.0 0.003969758187288954 0.008735585214192989 0.026022467222624676 0.019963436602098157 0.012880319756172647 0.0029039101131168193 0.0 0.02725655770924612 0.0 2.832821875102601E-10 
7.837145786198153E-4 0.007469412991872094 9.998787146922459E-5 0.025295992560488142 5.149689833924124E-6 0.0011672472864020223 0.020727197729439765 0.02707027217058652 0.015214062547745438 5.183393688546005E-4 2.216129454189233E-6 0.01313629580684145 0.0229915713081628 7.804628084881884E-23 3.898052362707126E-6 
0.018984253567573866 0.008348936632008717 0.006672188025808025 0.018861092371122285 4.816772860700167E-8 0.008733899440934188 0.01042894946171684 0.002751593051523091 0.014198528143734025 2.3873380752243648E-8 0.013503107649677357 4.338252469406638E-4 0.0054837647242215294 5.680961225630325E-17 0.004529311389839419 
0.004820350573896325 0.0033270878255637145 0.014920220337308256 0.013228449980395064 5.372694895037932E-6 6.979866209817994E-10 0.0021449667994859153 0.0028352688130833937 0.0 0.018060586518945588 0.012662759172888486 0.02374434741457385 0.006411814376534711 0.024065540984448082 0.0037736205479289536 
0.006959882374047235 0.008416998154456212 0.006416808417336914 0.013889743807755074 1.6887122384082408E-6 0.003372606244770663 0.0112850610791617 5.315476959154268E-8 0.00425235458115405 0.0051576043105283804 0.007418426175604121 0.014621100488257597 0.01276734490215186 1.2843587862382445E-4 1.5069785722930236E-4 
0.0023051734445357413 7.883238910631819E-10 0.0034527759137575977 0.009587232477210574 0.0 0.012310516969331673 0.0 0.021376982233644874 0.01123284098915875 0.00754354007252978 0.009958951801560895 0.01793753758018032 0.001915932350380775 0.02489555397757935 0.004034803034763616 
0.004276268173020281 3.803990404193563E-5 0.0228988196104982 0.01650593862851716 0.0 3.148201663752577E-11 0.024594169578917267 0.02510030254944463 0.0 0.00456745163872403 0.018154354047521724 0.008861081994238589 0.012225489967869563 0.008308860016918182 0.0 
0.011866038340101729 0.003028950361562418 0.0055276723530814495 0.0 0.0015718684147365532 0.004087763198501911 0.00838814116461586 0.0212060922966824 0.011584220510547676 0.012039442968039077 0.0036818425932737967 0.004029864821702848 0.01548410896793178 3.85244771734278E-6 0.0 
0.01714611533990989 0.019535735213167756 0.02085618742944966 8.145007385883618E-7 0.0010393059697613469 0.012397752362564622 0.019015702403189984 0.014288277242086709 5.901409378121343E-7 0.00931539865816103 0.016817311625598203 0.004121500429391087 1.0896276518854471E-8 1.1697237189354537E-5 1.0642509919422267E-4 
0.007994441997441402 1.1485585406736033E-4 0.002718698481276467 9.531089948257482E-10 0.002995987253353308 0.012769726026060154 0.003494888200400842 0.0048961647046117905 0.022677886380859456 0.010425518179639269 0.009731621598188765 8.944423527220889E-7 0.0171359837070738 0.011725338986346045 1.8242903843623924E-14 
0.010523148343827006 0.007017913778461153 5.961060012537826E-5 0.0 0.013653188505874573 1.8182153511773612E-5 0.0050545587428387955 0.01658166600449599 0.012980310624528943 0.008855634945451772 3.8282475393032546E-8 0.01447976276849802 0.005610869931424235 0.010614674502328768 2.9395794540187287E-6 
0.0022815407728677063 1.2100675596444786E-4 0.014988878377178973 1.4309578273406635E-13 0.0012585979268702448 0.009600773451757682 0.01967542674672214 0.01650299580415574 9.676132117007613E-9 7.531346471530978E-7 0.018992150860868563 0.01092580654439406 0.00702745669567071 0.021466145305640602 7.255214624862957E-5 
0.00880757538476598 2.5608596445873485E-4 0.0168126362895557 1.2751815108593334E-9 0.0026128228709527274 0.008824318355162918 0.01843319823194805 0.015632281103013203 2.397940330217802E-8 4.267526987991231E-4 0.017498929756492376 0.0069423554629282356 0.007103705635673101 0.007513428875171433 2.5194178621638354E-5 
0.02384826230523821 0.013891899878261315 2.938020506779828E-4 0.0 0.006341346193560807 0.021922117672415444 8.093037276267751E-4 0.0 0.007974773930874902 0.017109774070862418 0.022369366651175296 4.6072474962402526E-5 0.005949676958712365 0.0020616101962951886 6.042107437028055E-5 
0.020441552589981846 0.012925656417821091 4.600074879331678E-5 0.0 0.013810952658532796 0.0177736768896605 4.174015819055869E-16 1.352408197413997E-7 0.020447606661216724 0.012667965130873779 0.0065113755915408005 3.8175793104620025E-6 0.009191632569868248 0.014937285024604181 7.509838133845116E-14 
0.012563420945624872 0.0066890518756389005 5.012129265860786E-5 0.0 0.01564501204477976 3.985769168717511E-6 0.004870710787201181 0.016111987338891885 0.010006802818531165 0.01881224412661582 0.0 0.011901458874249976 0.0049602877048194865 0.00588696572250588 0.0 
0.002562899101189334 0.02761276479774569 0.0 0.0 1.0814722411000222E-6 8.559789049315194E-4 0.026668504931159378 0.0012561143036985342 0.014446554389100499 0.02835433433910017 0.025561972571454105 0.0045076408403491005 0.02608139517509292 1.4144716662553282E-4 0.0023862495242774166 
0.01797928616170411 0.005190638161991745 2.3249111485465334E-6 0.02095504019493108 0.026684190297081977 8.47794333412785E-4 1.368472092956529E-7 0.02166296778883925 0.020483597508800837 4.369550405096206E-7 9.736638288999888E-7 0.0011072607297806123 0.022718398869495778 3.512683065209049E-11 1.8108558744648075E-15 
0.002243366474839104 9.681460168970227E-5 1.4530003687834064E-8 0.01527311895491631 0.017494489186504487 1.4950576166607775E-7 0.002475630562568318 0.03202784634186519 0.03567129604171794 9.216704556863249E-5 0.015118811299550098 0.027492083977040473 0.0 0.004546225879428545 3.3829990763422946E-4 
0.001415498905308977 0.0034546945601945326 0.0 5.512234765549754E-7 0.0032085527373869245 0.00972996927181524 0.02836062198754771 3.054773989211709E-5 0.02337352333088779 0.022985256788833227 0.025427800626118997 0.0 0.0018750190071246508 0.009839574995971033 0.020961447580054728 
0.015635419794012975 0.016824981681090315 2.2030581483729135E-7 0.0011257921525926818 0.015471311465100935 1.7212695380382868E-4 0.003520665223954772 0.015245093099133914 0.0248602919815266 0.00270891823357373 5.8276502107865814E-8 0.0016590946418541075 0.01954951180102807 6.862708567111199E-4 4.547431001602989E-16 
0.007768005664088919 3.2069714556851617E-4 0.0 0.02575783786062482 0.01385302939747498 0.013108189070744215 0.0 5.955562268641893E-4 0.023150045612746997 0.0 0.019631999650725138 0.0 0.007615071894958516 0.02812020391008614 5.120402093920549E-4 
0.024424413549770672 0.017075833574861723 0.0 0.0013155128967728322 0.03518706803435139 8.529582612901409E-5 0.00946049638110849 0.004917169976541109 3.0178703236773336E-7 0.0249240922481994 1.3059270912880117E-9 0.021253162292347492 1.9048053426593774E-5 3.8848972207076353E-4 0.0 
9.442740985840214E-4 0.0037057796358941734 5.39781340611144E-15 0.0 0.0023329991844949953 0.008375152512070945 0.02547848713315346 2.3258812920206827E-9 0.01814277230163677 0.02060154416360695 0.019323696265421686 3.295300071138329E-7 0.015350674955966117 0.010628073869653316 0.019994168534543933 
0.022841750635948038 0.009678198127383554 0.0 5.4805882206193705E-5 4.136792463010521E-4 0.006615088815501681 0.0 1.326760158544934E-4 0.020288618235686246 0.014871140292855772 0.014834844944454594 0.008139527763587716 0.021580716809611454 0.001492603849513504 4.223552407871665E-5 
0.010089034728545837 0.003161360189150404 3.0067400194269016E-6 0.021651228293069702 0.009131993113900755 1.8310503540463806E-7 0.01925905224328016 0.009461981243733649 0.005710902137614342 0.003953711193885499 0.0025903089857530906 0.0016918981967724272 0.009000733327049383 0.006866671255256863 0.0025114343559907463 
0.0018740683145939544 0.012292650083929659 0.0 0.01804923706629286 2.21215529734268E-6 1.1359040221713041E-6 0.005607640820092881 0.003179779531669657 0.025171312242062732 4.869115496280542E-4 0.015968986903311395 0.013270130774076655 0.01571290835728862 0.010252458703626038 2.0110169646915229E-4 
5.912682026930357E-6 1.641674191695925E-6 6.96664703161622E-7 0.0 0.0033778318253246415 7.688664964174689E-5 0.02066825348707657 0.012559233955138053 0.0044343042460251916 0.0194671130909724 0.017458514141921955 0.007949576245191447 0.019968964655770603 0.020599287843047473 4.787424740171982E-4 
0.0019958164828254776 2.4354716192332178E-11 0.0037090957914144755 0.003502698086633601 0.01261094680073488 0.010542055140242212 0.025240601892321596 0.003688857579500562 0.021653103170422777 3.10093461880026E-10 0.011768186504925199 0.003990266575041387 0.021208039642539266 7.294515593496873E-7 2.675499219644405E-4 
0.015612943946935052 0.0 0.023001935688920876 8.927952147095544E-4 0.0018615395338212504 0.00988178344559141 0.004238989564339946 0.027716615404791586 0.0026916494531341417 0.017806053012154304 2.0817390145617804E-6 0.011907829746963687 5.533140401183132E-7 0.020255675349957182 5.259008327700352E-4 
1.483514721604971E-4 3.7941390688498024E-6 1.3636494513095403E-4 0.023638645476643374 0.02834217691115289 6.2836524316439775E-6 0.028382885790307486 0.019645139118876512 0.003190923345556853 0.0014036768645014006 0.005893911112562438 7.093149915177161E-10 0.0029358270272464896 0.018891329479567374 1.289177883079354E-10 
0.021031809260319334 7.178694772405048E-14 0.021382623983535316 0.02167779982643563 0.0025998096867450027 0.020055979223949253 0.01323049129101625 0.01175680388244648 0.023828331571813858 1.8398822725100895E-4 9.214658242785773E-8 0.0029258841154261614 1.2961822054947746E-4 8.938873075214997E-4 9.892141902727392E-4 
9.269972577761172E-4 3.3974804226498325E-7 0.007433334318998649 0.007908912013685848 0.012243902907093545 0.005846620371747175 0.0015973591378872743 0.017436027997284814 0.01991271570343811 0.0 0.0010661302249318834 0.017574175165786365 0.015439553356475986 0.0013562582780701066 7.717992841445131E-4 
0.01602561371303509 1.3732203040312763E-11 0.008861458715216305 3.3575081351931485E-6 0.006546612753746636 0.008500572437316615 0.012580642484838953 0.006617844569910954 3.3906528529893625E-6 0.0024991283078320955 0.003550337742719917 0.005554992861502789 0.019421495243509418 0.012187732008278307 2.15029440031659E-10 
0.008993397482120078 0.0 0.0012440744628649848 0.0028025015088773727 0.00564159863240556 0.005659449928670857 0.013380007836664537 2.1466710678743543E-9 0.020168641610201533 9.422848227228571E-4 0.011831369423744856 0.004126121562431126 0.020164405966704976 0.011807019066248984 8.954884638668786E-6 
0.004668687355576222 1.029391852617398E-11 4.668717132849121E-4 0.010896879871338016 4.1032557000249527E-7 0.002767406713834264 3.9374141879594515E-7 0.030066676913256353 0.022961268159234834 0.0012521417728738131 0.00971774223786918 0.017605919947449773 0.026046007006642183 3.700245713598369E-4 2.36329293033295E-4 
0.007988909482964825 6.174114177387568E-7 0.02127323139137971 7.562814269962995E-4 0.008638619900573423 9.859899533378533E-7 0.005772396348864434 0.00586833496162435 1.6824522741003695E-6 0.009407385421630056 0.0030013432356654646 0.020394439680712997 0.012692171817926284 0.019795914761344045 0.0 
0.002567129960024602 0.0 0.003348544399037368 0.015388241705261839 0.0 0.01801042463115901 1.312523376054285E-5 0.014690201699627847 0.015165016541946118 0.006805624250677535 0.007645710685332895 0.015865524191676483 0.004129364346681531 0.00896886194264205 0.0018465800432956583 
0.01602561371303509 1.3732203040312763E-11 0.008861458715216305 3.3575081351931485E-6 0.006546612753746636 0.008500572437316615 0.012580642484838953 0.006617844569910954 3.3906528529893625E-6 0.0024991283078320955 0.003550337742719917 0.005554992861502789 0.019421495243509418 0.012187732008278307 2.15029440031659E-10 
7.708083115350227E-12 0.0 2.5768440532031464E-10 3.2084686360104505E-13 0.02281635754362448 0.02769805382689404 0.025624445758491435 0.0029201666178376956 0.026316076161735077 0.023028908774132183 0.010400326386234001 2.3544293411158865E-13 0.02477826978702775 0.011514094800822735 0.0 
7.2095525313529585E-68 0.0051284353651148105 0.006947600082229143 0.009989686261811931 0.012264364166708622 0.0013282377568985988 0.007965599765157831 0.015347624263995482 0.004120408930912065 6.161682837083149E-4 0.007279595421014734 0.012384138608996053 0.015127244003635718 1.0757437433919674E-7 3.3757244210677546E-4 
1.7440476433306708E-67 0.012406089800449334 0.03490329662195405 0.002551769379739566 0.033383175144494764 7.225408326266959E-4 0.004046507271917004 0.03301710375029086 0.010943876806998267 7.282420230615608E-4 0.014105438691690798 0.0 6.458554332587343E-6 0.0 0.0012875996299326073 
2.770431425450119E-7 0.00519390322501239 0.0037593570792499222 0.006939650521288033 0.021789591241867405 3.199946164827241E-5 0.013115660197522095 7.13176652421332E-4 1.7096920009457354E-4 0.0014114994830634936 0.02793918495853429 2.8768336243751413E-7 0.026161535571549467 0.024173226325758253 8.24878614333372E-8 
1.8117288001426877E-67 0.012887532215408051 7.454005948740473E-6 0.007187758548413544 0.00909289657535585 1.5207801326714259E-7 0.021171964051121164 0.015313112965135902 0.0029964705634323748 0.0020074543553656368 0.0 0.01104743364462794 0.022760613043664633 0.017274110470686572 7.52766274022345E-4 
8.988010771294743E-68 0.006393521942046336 0.008335179604324347 0.013056367993583841 0.01675439848002189 0.017051126938109208 0.02042529595597404 0.0010654165832930883 1.2072515607988978E-4 0.0 0.0186200199079227 0.012252341493305027 0.005430102993174667 7.48812670483712E-4 0.0017586911743160433 
2.428769833391733E-6 0.005617343560669957 0.008983546022193352 0.024138606098744093 0.016515609954304747 8.867528456941916E-8 0.007055783156114026 0.006907562550504484 0.0 8.609105210732117E-4 0.006434916142624997 1.5305423275852588E-7 0.024514959471912002 0.022336656566158734 0.0 
3.0488763326216865E-6 2.0082299588882973E-4 0.007784039838890991 0.006985453416621522 0.022865443888645056 8.311463578670974E-4 0.010699196278025971 1.5351051626539082E-7 0.0020427933924802334 0.023070538289506056 0.016629703561122373 0.01772897349818253 0.01664547947191277 0.001155382722204701 0.0 
2.8068453396347936E-10 6.089035688609503E-7 0.03223821480264964 0.024421560683319462 0.027076530600814903 1.6021232643098157E-4 8.092822108542785E-11 0.02053334605761423 1.9417333878119444E-4 0.028588439032694802 6.9461615636988844E-6 0.005104660375339213 0.011041871507587852 0.0036854196439306494 0.0 
1.8117288001426877E-67 0.012887532215408051 7.454005948740473E-6 0.007187758548413544 0.00909289657535585 1.5207801326714259E-7 0.021171964051121164 0.015313112965135902 0.0029964705634323748 0.0020074543553656368 0.0 0.01104743364462794 0.022760613043664633 0.017274110470686572 7.52766274022345E-4 
1.1658093419239598E-68 9.392447592205156E-71 9.848376507892405E-4 0.022309562028538742 4.050432260574976E-8 0.02747995311032456 0.01962317240414075 2.3392846341667992E-4 2.8379344690200333E-5 0.02307301780123712 8.545129125627349E-4 0.03607732109837873 0.03507221501400747 1.7884593653944133E-4 3.987876025626111E-4 
5.2358917805608305E-68 1.2989959822907278E-69 7.724242489824698E-69 7.689087940914806E-69 0.013798916299708192 0.021254448880502187 0.0011325671027318262 0.027755525528173317 5.85172106975065E-4 0.015092516032850771 4.2532088188066233E-4 0.019959580983009692 0.01162308823354763 0.028622454638656338 0.001699651996757907 
4.882481114525277E-7 0.007177479798397606 1.3991638241420872E-7 0.001315849401946592 0.017358961544385067 0.010476725147401961 0.01065627910942227 0.001824970515886793 0.011721048370446395 0.005607739139123645 7.175419585963343E-4 0.01375290952913136 0.01590336459394044 0.007993176789046576 1.43207922987547E-4 
1.632317416793733E-8 2.802242154038798E-14 0.018584208320913013 0.020478247527672553 0.011662949123046313 0.02497029353039874 0.02772465154018242 9.088802938900336E-4 7.941028712049769E-5 0.00566725902431081 0.025190553611856636 0.001756672170365272 0.0038183976931913327 1.6680561519613687E-5 1.7732551334102176E-6 
0.015002032707706758 0.0067814309345785445 0.0011592293251098517 0.002167690331931115 0.008284040194234423 0.006628847803855952 9.384287683848392E-4 0.005987610962010935 0.013266135882672126 0.007610383665600634 0.008528334005606732 0.007862912945279753 0.008374172453985732 4.0519919139721364E-7 0.0 
0.010506043848379054 0.0066437153866746625 0.0015402829581644734 0.001354857827927058 0.01995937296154009 0.00479150410636192 0.003243891137903515 0.007723151735067232 8.178978035659285E-6 0.00602123047530338 0.015078688607756513 0.013243134551509316 2.7715234454563046E-6 0.017753225354424026 0.0 
2.770431425450119E-7 0.00519390322501239 0.0037593570792499222 0.006939650521288033 0.021789591241867405 3.199946164827241E-5 0.013115660197522095 7.13176652421332E-4 1.7096920009457354E-4 0.0014114994830634936 0.02793918495853429 2.8768336243751413E-7 0.026161535571549467 0.024173226325758253 8.24878614333372E-8 
0.0011333281418607006 3.332987544466896E-4 0.0016717568430642416 0.017505754108919074 9.146529487672516E-4 0.0013851865648436819 0.018657504924285275 0.022320809627613333 0.020001619494066328 6.893956189676859E-10 7.820301940525209E-8 0.023863057547416532 0.02683437382743799 6.431895381738994E-5 1.3405026430051954E-6 
0.0023651560015427813 6.940044487847362E-7 0.011061322135456221 1.6676135483985505E-12 0.0024842240878399538 0.005994866036803886 0.02403895113013617 0.009396965851487526 1.2974924765350802E-7 1.852360277130567E-6 0.019643599637655013 0.01459362030479797 0.014769861999697976 0.017608207544865993 0.0 
0.013816687409786877 0.023198026341192796 0.0028558772004457366 4.905081423118814E-10 0.002792478304647047 0.0021933219129625214 0.0101391141914088 0.01947679240994415 0.0 0.00886915498605232 0.002181220281167253 0.016484636846661634 2.504877734215746E-4 0.021314751362647877 0.0 
0.0187252489545078 0.0013899840449448078 0.002076575688796519 0.011946495412864983 0.0015610958864712098 8.027603547068671E-4 0.01695802832849968 1.6925275780955593E-6 0.018738071685254723 0.003987446020764217 0.011210880422589099 0.010314465830825657 9.002551982573696E-4 0.0036394790525180938 7.108416068271209E-7 
0.005655740889404098 5.7018253081743945E-5 5.972401485201656E-12 4.310895940999946E-4 0.011496855866662247 0.004679191726806902 6.778984712352764E-13 0.008756622041122576 0.02035194799079055 0.013048579005249875 0.011204574869919612 0.028000398762293547 0.02007838551156123 0.0024831687695992047 2.6362351512104555E-6 
0.008936482800736745 6.08519082447609E-4 0.006500013780684139 0.005994710919368149 2.858946738211154E-4 0.0 0.014326440969745802 0.015944356529609287 0.0 0.007019154925920431 0.014786260781673902 0.01973010729514057 0.01865347194158121 0.007358261702336835 0.0 
0.014604990771936867 0.015666055288381588 0.0019379798675649928 0.011367582113271284 0.0 0.012998523456906748 0.004576598819083384 4.8372200535406564E-8 0.016201717695791682 0.005121491279453349 0.004098540870932477 4.8537761460664276E-4 0.006690995787357005 0.008930322071934843 0.0 
0.017072214447923964 0.008646812179132464 7.315195048385936E-4 0.0 0.017501068042701084 6.606782901534658E-4 0.0035277902743192763 0.013267155621767984 8.749670553939736E-4 0.013049821475664624 9.374811852830761E-4 0.012937153332611029 9.733473958115118E-4 0.015333696151857793 7.384359763847181E-7 
0.00232315632225993 0.0019543261699785566 2.5569674849886323E-6 5.60276230878165E-4 0.0032677259392067766 1.3225655496218143E-5 0.02137494197545429 0.0017156992142833443 0.02587395276801306 0.01764147686144488 0.009649492925497936 0.009026400621549663 0.014388724068572424 0.004202419246405813 1.651003138710858E-8 
0.0029878805634371416 4.571488556584507E-7 0.010574900122117684 0.0021389712878030556 0.007565976071638273 0.004628802846426397 0.018024866324276544 0.013938873353235393 0.0025039191717200872 6.256337627729284E-6 2.049662472639373E-4 0.016055743839834036 0.023980012683295027 0.004246351891058209 3.0336018959307224E-8 
2.4876068491861123E-9 0.00671329523509013 0.0036769207710851564 0.011418086211017616 0.022294393357146475 5.840004072135645E-4 0.010547825227777762 6.161326932005028E-6 0.018293363963728874 0.009843231576837416 0.004155317627645059 0.017440533488916377 0.009341237670293347 1.1511678025213531E-10 1.8821348042442027E-7 
2.0122339745481835E-4 0.010190095791339246 0.007451211725951078 0.005934138426642817 0.010673088489317807 0.0016133889575628846 0.00803276995355207 0.011276658187039311 0.0018110710829572433 0.0010636121742484009 0.012262404920203076 0.012202432786266764 0.008948389642959242 8.582716240655085E-8 1.547172023165625E-4 
0.013322501310030363 8.388662241096126E-4 0.0014325402321973778 0.0036827383799858497 0.00516621107696702 0.002475721623419146 0.008103367753499758 3.0536194118775254E-6 0.007478103342530501 0.0041069227663548084 0.012327826725587777 0.007383432181002848 0.013945483495375326 0.01061345969649306 1.4564773387690766E-6 
5.9548212361369015E-5 0.004196701548883127 5.343093805770313E-4 0.011122096355775548 0.009860878818339903 0.005461475950485213 0.01232063079309478 4.4751625296645433E-4 0.010286780046095572 0.011891653686952254 0.011729148353788334 0.014428375117187961 0.0029583982087920627 8.03785419961109E-4 0.0 
0.01014652042352017 0.00509781876147868 0.008235242236039195 4.507299120207365E-4 0.005025883135015279 0.00474694164389894 0.010467624235491213 0.006616694209701542 6.717502397065819E-4 0.002692121520672112 0.007936173982634515 0.008843474196629626 0.010980880844939239 0.0010342879407573425 2.0619414240080423E-5 
0.005128619779015546 0.010382998437133752 0.006172016282660721 0.010837947072531518 1.5862735623770313E-6 0.004257955841733108 0.007222008295878953 0.008182187071825043 5.7464398546183446E-5 0.009833213395329506 0.0085083693303793 0.0062573768791601495 0.004848321296879096 0.0036744114013572073 3.3734912670041017E-4 
0.013730893373024543 7.157025726474486E-7 0.003812468402924559 0.0012456605075093104 0.014756195934598605 1.1756036178884688E-4 0.010059869496866655 5.789973967540103E-4 8.877783638067061E-4 0.012660986113887518 0.009534860534510213 0.013824724188705373 0.0065734426316402415 0.01369611860315563 0.0 
0.01225277314574709 3.6466404623490366E-4 0.010502420536368434 0.0027837975012111418 0.012745137672072039 0.011380161186691936 0.0 0.011951033127163165 0.009006375184439665 3.498936572917074E-4 0.015242167280254456 0.007533513019417202 0.0013065596671061111 0.011023542555994978 0.00813613787427215 
0.006517197442686255 0.011187676359035031 0.007522446360963063 0.009773721775014723 5.255744853463771E-4 0.008879961295643567 0.005303339259933198 6.099263186819377E-6 0.008028300928744405 5.603337908304723E-4 0.007286928220249923 0.007863740014134353 0.0032794936899306257 0.011335580463711688 5.772752225465159E-6 
0.0052272141818406415 0.010070248986624751 0.006390500288930915 0.00622363222334709 0.0014166886599162609 0.015795423840065655 0.013692147934188895 0.00450298537445747 2.5454608260710033E-4 4.654404017769829E-4 0.010171173710377363 0.008461733941166255 0.009517550984962608 2.4341359223885875E-4 1.5054524692713342E-4 
0.003978957598997762 0.006830434439862815 0.0045926942331011985 0.006055974233799694 0.005161804796523128 0.0012780858147822525 0.007901233456898008 0.007869908107748859 0.008625745913106237 5.867443501436487E-4 0.0076115624821439755 0.008232113002299488 0.0016842889137630782 0.01142296338179316 1.5209657850251185E-4 
0.01290517448521407 0.004652575749395624 0.004077421328921013 1.1379960191580887E-5 0.0018204174992902467 0.0058684046571936595 0.00822444222862981 0.006316308047742774 0.009495885437449841 0.01452752962853474 8.080540099153801E-4 0.005353148153806828 0.012757711215680662 0.002339361114332746 0.0 
0.007278518144011206 0.004949593920589584 0.005144646874602633 0.006769409421703079 0.015509485279234854 0.01073617367574085 0.006393600917101637 0.008746590981292874 0.012744862078527989 7.828215080715457E-4 0.014550460366238109 5.182266123654744E-4 4.978108338598066E-4 1.387541677448463E-5 1.809093765711181E-4 
0.007278518144011206 0.004949593920589584 0.005144646874602633 0.006769409421703079 0.015509485279234854 0.01073617367574085 0.006393600917101637 0.008746590981292874 0.012744862078527989 7.828215080715457E-4 0.014550460366238109 5.182266123654744E-4 4.978108338598066E-4 1.387541677448463E-5 1.809093765711181E-4 
0.010098348549629455 0.008937975361278884 0.0032473257778148244 0.002619110935153114 0.009230642383922136 0.003982224203499413 0.0032744918805661756 0.007214330091581183 0.003974735392994855 0.003859868359379644 0.010722940905538216 0.009651920297886479 0.006371977182711768 1.7913754504384144E-7 1.1055302819298091E-5 
0.006482687716554821 0.0073175594475189615 0.005931610716111073 0.007673054257437412 0.0042408021633364235 0.008917601300575203 0.009307441391820548 0.0035859792455949905 0.010531041555943178 6.898478326287446E-4 0.010733999871578019 0.0040702765194347125 0.0015367548641892208 0.0014699257651462998 6.280792317664652E-5 
0.0 2.4218630661878402E-260 1.722765475955592E-195 1.2254701459303334E-130 8.717246192395975E-66 0.0 2.1972509439223916E-60 2.9943142638944337E-60 4.172508806466886E-60 7.662969000302417E-56 0.0 0.0 1.1158170771986723E-54 2.516064096931316E-60 357387.27882206405 
0.0 0.0 0.0 0.0 0.0 0.0 0.0 0.0 0.0 1.8906566E-315 1.3448976394630394E-250 9.566780443983168E-186 6.805223340262549E-121 4.840820271984039E-56 58681.035269470536 
1.3523551645405092E-127 9.619828722884258E-63 0.0 4.1296497733042306E-63 1.1600906061940046E-62 3.5175601395541134E-63 0.0 0.0 0.0 0.0 2.498282633459462E-64 9.886464299567632E-62 30947.72347839571 305.9239633229228 830638.524263909 
1.0537877008042373E-62 749.6002128599931 53754.80517976493 2.0595527054412916E9 5455654.287054517 1.7260716256756027E10 0.0020647389268977977 0.0 0.0 0.0 0.0 0.001585233763478367 1.0924828593525808E8 0.0 0.0 
1.0451781664703214E-66 0.07434759159409805 5.331562389073019 1.1019964991556869E-6 8.997317746039482E8 6.748011180822133E9 9.090491152523918E7 0.0 0.0 0.0 0.0 0.0 5.028123139282184E7 0.0 6293.78714719427 
1.1429254257980301E-32 8.043586492671464E-27 1.5735266464026367E-24 6.5529532986458665E-9 2.8328636134217167E-15 148.17343776535614 2.4439664397001258E8 100499.35941209587 0.0 2.3572980336298293 40.76658456664041 18337.51922387849 6.727354735436559 1.8697940367244523E13 60.08742542345449 
3.8365689939219003E-25 1.9149749233265033E-22 3.273040465521958E-20 1.8907976269881156E-7 7.322602408090525E-14 395.9211833439397 1.0530158856896181E-4 0.06918157450750881 0.0 492628.5593478478 0.014803598401833712 6.839980390177886E12 1078.768132071998 1464.8558656139737 196.35655794548663 
1.296415423043425E8 4.2689700800762783E12 3.292035409352848E8 1307232.4166620078 8266321.662714044 5.065325053451638E8 1.234408675780293E7 2118060.7493388713 0.0 3.4078042929556553E-10 5139682.828033018 9.939432534207607E-7 3.1126023760368347E7 0.026789891663733682 137.95748801504476 
4.290358025358784E-31 3.897079427457485E-27 7.301025150670024E-21 4.961772236352708E-10 1.0710283745314185E-4 15.573180098899604 248038.6936780207 4.3489321265884286E8 0.0 3.326635774234979E8 1030248.9405935761 2.377728149270591 1.853058276874771E13 11.995501457647558 6.468632739579814E-4 
2.6316306565013025E-33 4.50358701786074E-28 3.915083704879623E-21 7.21754483358517E-13 2.5915251614139217E-5 772.5438677720662 2.092770635843351E8 1.7279935807296346E13 0.0 99.82316080388274 1.7130881154430795E7 25452.7447968656 1.8888643044133413E8 0.005552786163241194 141.06050991288333 
8.822560897126302E-27 4.936391048193999E-20 5.1391377135930496E-18 1.0554122606550276E8 9.394771941196074E12 1.9718122995330312E9 2.601034436987873E7 8.679120133440439E8 0.0 128968.427933357 2.1342945719953574E7 7.093474562485579E8 2.9976325249992102E7 0.013232221270797775 7183.518624844984 
9.832179215362783E-149 2.451703343556968E-152 1.41345461514466E-146 1.735907101677187E-129 5.261536745275658E-134 4.57282944377419E-122 1.945359501357365E-117 1.1313754588746877E-122 1.050645176083828E-121 3.3820725523780585E-133 2.7880037295066713E-120 8.294655702032196E-133 1.532827849139479E-52 1.9137200608473265E-63 3302071.809564574 
3.8982473947864693E-56 2.772975120778806E9 7.209128952714355E8 0.0 0.0 4.7404446521054306E10 1.0433515679196505E10 0.0 0.0 0.0 0.0 0.0 0.0 0.0 0.0 
5.277428419130742E-21 2.9917197248841787E-15 3.93566598804471E-14 3.890335852657989E-6 1.5135734962636535E-11 3033.765490582501 2.5186620442331612E8 4842343.5669693705 0.0 1.4327699892339158E13 7588143.217300781 1.8293353180957954E7 3.446765999728854E9 0.2169714740817558 50.51354108061994 
3.4696570125403064E-18 1.2085925910943032E-6 1.3611536718037984E-4 7.372163679654074E12 2.1173331708844273E9 3.938179925260047E8 407349.4221469115 9.806439476911846E7 0.0 52123.21364209792 2.756389616290315E-5 4.4556512040323085E8 3.245540734592159E9 0.006951050387487333 36409.91419270951 
161152.91058961506 5.220760967158929E10 6.385468386350047E12 3.521253575429206E9 1.2961814372072473E9 1.9896915830779612E8 8.13562741900423E10 11676.174051833736 0.0 7.475894641460396E-10 1.3517580472629502E8 4.84695035157905 5.8264410528118394E7 6.642131343747105E-6 0.01011435535710861 
2.912381723703957E12 4.451661544286932E10 2.8045667036773837E8 1113663.7532275799 7042284.670228463 10823.79505486549 1388611.7265918383 1762855.6586422063 0.0 2.836305371910246E-10 4277742.722843208 7.995947581669339E-5 2.590609716358362E7 0.022297147293392366 35.75866590454571 
3.2122000279188257E-21 1.1103779006284326E-14 4.526750755234677E-18 4.102068050342904E-6 3.5202651651008796E-8 159.27695028484413 5.423524589134928E7 228756.45252033067 0.0 2618.4240480259555 1.813152459905068E13 9379.810518713359 1.0054143305688833E8 1.894512523905264E9 0.6037591599735882 
3.3192067533450216E-18 2.023588468497134E-12 3.002646506889806E-10 0.03301783506455306 864.2293255995345 1.5666037539512238E13 7.954785700726692E7 1.6569264579497612E8 0.0 3029932.4564315467 7.956451733275744E7 43118.18334660873 1.1320325289539582E8 74.06505566223464 313.05445637038144 
8.707467467586681E11 6.496667549419823E8 808276.6212891573 28328.354059704594 1.1128358483760528E8 1382827.7590272045 348845.3150712783 1.3070394412475021E10 0.0 8.887862982145157E-11 2.5276590025787668E11 1.5969385445597394E-10 6.761127092169262E7 11.158415003787178 30.328240555011153 
2.912381723703957E12 4.451661544286932E10 2.8045667036773837E8 1113663.7532275799 7042284.670228463 10823.79505486549 1388611.7265918383 1762855.6586422063 0.0 2.836305371910246E-10 4277742.722843208 7.995947581669339E-5 2.590609716358362E7 0.022297147293392366 35.75866590454571 
4443063.773386594 1.7009207076885912E10 2.5372252555087437E12 5.380034068324077E11 9.888459723150359E8 6.230224574500253E7 6.164202220790637E10 269157.71277180355 0.0 5.683190268733835E-10 6111731.802415603 11.799747379504174 4.405992594269528E7 7.83296712232357E-19 0.008782046472224851 
3.0551129600108016E7 3.152617957698063E12 2.4195745513896412E8 960787.4444852183 6075566.949213224 7.23639754681046E7 1536041.0103192236 1535343.1568985742 0.0 2.4702544546336595E-10 3725661.2498544967 6.963998068844383E-5 2.2562680504819762E7 0.019419498327864933 33.812623342430264 
4.355055362002366E7 1.4340774343627285E12 1.1504218556930849E8 1.384436354892951E8 221809.34197437545 1.6922524428401944E8 4215012.05299866 723233.055843794 0.0 1.1636289059609007E-10 20136.641476571996 3.387469333310181E-7 1.0421659594275817E7 91369.1273022977 0.01143391303448506 
38970.95315038678 4.2703838673500635E11 4.910950085700428E11 190704.37774821377 96153.83959326895 624.7948193329152 1438455.8538120775 1.5165083518585293E10 0.0 1.6487145221035387E-10 3.597359593023674E7 6.761342635474771E-11 5.190064605289594E7 8.417862091614216 0.03331135212294608 
2.1222354861213257 69883.15344058201 5.194537895936431 4.801478689838786E12 306088.02984725864 6.080638833338408E8 1.3467963759253513E7 2310901.241354406 0.0 258.8336749275233 6.747925559712814E7 1.0901617495572319E-6 3.413917283766575E7 1.0719666193967964E-11 144.4807274154041 
1.460598630733862E-11 8.883612363672239E-5 0.008861923430167132 1.4581765903700385E7 7.047429507724457E12 3.940429268827148E8 1.5827343187131302E7 2594921.959651507 0.0 165521.2493410768 1.061465163704806E7 1.3127476061147058E7 2.112009378958155E7 11.745873328053003 10948.912830755742 
0.18319448447748266 59348.268080271126 7258836.25002329 5.587849747663006E12 8.050538868672012E8 1.404139575541174E8 5.741370435517457E10 8239.959507555652 0.0 5.275792297624363E-10 9.539453183904813E7 1538.4715488835814 4.111876803749805E7 2.9127686925877797E-5 0.008496823113146172 
1.0340237232890143E-18 1.020268598384251E-6 1.2299344041557587E-4 6.623156542736689E12 1.9900425535073347E9 1.4139454385058649E9 371478.1702138715 3.0433386475080304E9 0.0 1842.6269452385416 3.336524665648618E-4 4.203268861416633E8 3.0670308324735436E9 1.6014003498360418E7 35415.075286935076 
1.2045934203118625E-37 4.1164258350303625E-32 2.9151376755583696E-30 7.849278659085181E-17 1.6440289782106894E-9 7.888430119855523E-5 2713765.195931788 1.4305741075132965 0.0 598957.4191148309 1.2375932334162688E13 490945.9525013103 5.5381734270449705E7 1920.9501858376073 8.293568976898298 
2.822386969858889E-15 2.590867717260446E-11 4.563836100454099E-9 1.062155319688568E-9 0.7582851607434613 5983032.988504059 2.5477798415355512E8 6.012082225350386E-4 0.0 67.0439210315926 1.975605111882267E8 7.5847020123106 1150164.4351184678 1.6024335069590443E13 163.04951116643358 
1.21440660444259E-137 8.065886609672368E-139 5.0228449179698005E-135 1.9129938579346756E-127 9.707521086356491E-133 1.26150490137778E-122 3.999231147626076E-118 6.399791177941673E-123 5.829419751632555E-130 9.819661712286199E-123 5.743003390771605E-121 7.405292106989287E-141 3.1512945937875273E-53 3.7561505780586504E-64 1497215.4136114086 
7.466818298578937E-21 5.666225581161671E-15 1.0275467714852637E-12 1.8550004654263807E-7 3.4077009570402656E-5 966.6336150985584 6.326922131048924E7 1.985421612202811E7 0.0 29.60846538342809 8.782959788303186E7 26.79888580761323 1.5754359314355492E13 1.9309638412865198E8 46.85362943352411 
1.937144745095591E-144 1.2897777147804135E-145 7.314494184956067E-141 1.3291533042729044E-134 7.033497182540545E-140 1.2354831002648422E-127 3.888893748280308E-123 4.460796077290598E-128 2.349162784951568E-118 3.790875843201467E-126 3.3049031861618555E-121 1.3583885757854077E-133 1.813462976707181E-53 2.3607444749640644E-64 1135779.959973459 
3.4756425630107724E-14 3.102063392378029E-10 1.060637426426027E-7 13.111473111260308 696.0899956418511 1.206543705671138E7 306254.91930933314 0.004917032587710394 0.0 24.235994917402678 0.04050271226656779 0.013032187264571704 1.4472202190059206E7 7.06568915802658E12 7241.400248127235 
4.296117486760702E-22 3.1210743586413917E-16 5.2066127743253975E-14 1.1104039003084381E-5 4.337034211406126 1.2965952487055577E8 1.6459663004649559E13 6.4588952522696935E7 0.0 43.170191487851255 1.9176911117813427E7 9849.963049950506 470872.74707562494 0.01517211337282521 138.34104619926572 
1.6535461848686784E-28 2.602031177850559E-23 7.626372673411314E-21 4.304106903641386E-11 1.510210836833943E-13 2589.8871492261896 0.016326616396440327 6.55805296422185E7 0.0 5.394979218534862E-9 2.9748859811755186E12 1.6312812594268665E8 5.856106568123563E12 6.642534493569829 30063.318096231193 
3.2260345819456593E-32 2.2703920660537177E-26 4.514393564512011E-24 1.8779828474643437E-8 1.0650976427107198E-13 426.1083799551121 1.8986401292442602E8 76987.60154362686 0.0 227.30711336226454 31.767959903947997 16957.758036908097 5.457622995305223 1.4592639697892156E13 3297.091693853217 
3.749593827513846E-27 1.612399854081291E-20 1.019139774211921E-17 1.2154523223840045E-10 4.5169950183899685E-6 267.78069546134554 0.001713968763014433 780785.7821684679 0.0 4.999750816732643E-6 1.4412051714984646E13 315880.80934385717 8519944.586404888 6973073.237901418 17939.5182435393 
1.5022249580509505E-19 9.136790853797597E-13 9.602382227901467E-11 1.0078125352675542E7 4.694707465096652E12 5.2083840214842314E8 1.0608040436412433E7 1739207.6959384524 0.0 115783.45115962137 1.0196142102473624E7 3.360459940902923E8 1.2358896646125771E7 15.896556530153958 864.5896301510093 
1.330899827843927E-81 1.5756564568628632E-84 1.9840490249664775E-79 4.14656171668612E-64 7.428511149971033E-69 8.939163775138564E-58 3.8065846241844784E-53 2.1277341537263444E-58 2.706217834798109E-57 6.816888389179797E-69 5.466569017913125E-56 2.0495934455709444E-66 1.0071860068956907E-55 5.98010233562715E-64 1818284.3475906772 
1.0949778523556617E-25 5.686519669282217E-20 4.024437643956848E-18 4.090757775450949E-21 1.35347756152408E-13 5.247353039153004E-9 180.71431832699628 174405.5279217116 0.0 113720.57935849499 1.003648224087968E13 363835.39043315215 4.4871988152404055E7 1830.0572359715388 7.443608987197645 
1.122819532556996E-16 1.0163301432310723E-12 1.823042224162202E-10 0.06264988682951751 672.1074522163267 1.6998615056541854E8 666.8898615476785 1.449548841991917E13 0.0 2.0824687361233305E7 1.2478632829260532E7 5458.662577223376 1.4932149243781245E9 253.96402802923944 0.6466599375128403 
3.5930170618031455E-12 0.002818841356867663 2.2367257221277336E-7 6.344563817072953E-10 177.54381823170326 0.02011421278473434 0.0013866508157862677 684649.7119300251 0.0 2.8175140805861034E-18 1.4356103476552367E-8 3.5996783864165676E-13 0.001198900406396944 1.33675041012428E12 0.01061162914364761 
2.4978451297546797E-12 6.106288449802427E-9 2.3886210800552146E-5 2.1494426973900408E12 1.2821758852849479E9 2.6217267692497807E9 5321948.110599589 872543.1588258744 0.0 1.1467608877766926E12 1.4634150005200999E7 4.8026470838247263E8 1.693758302281957E7 22.717289230462132 74.41653432607315 
9.45335473354269E-126 4.3964834657677437E-128 5.834602459606647E-126 6.364725612544784E-131 2.5480840857914098E-132 1.8349336945883168E-117 4.2354532331188096E-123 1.6796634790660337E-122 4.597245477157346E-140 3.6069268183263724E-127 2.5977590720898606E-120 9.62035988518133E-134 1.4180698300128925E-52 7.056971725704482E-64 3176055.3718226193 
618738.555522718 2.3686925855933366E9 1.24006652908479E12 2.4445368326153387E11 4.4384753622571677E8 6.895938351367266E7 2.8344691465913662E10 122807.73368946719 0.0 2.593051151467324E-10 2872087.658613856 5.383977110273592 2.0103619605268948E7 3.636220884202275E-21 0.005932134353578801 
1.6349325133912795E-9 7.921928834145291E-6 0.001016953160573953 6.135654170223147E11 1.7240089918658474E8 4.927929970793385E8 41511.66225925055 6.340768632263429E12 0.0 79504.46379606357 1.1847336320893148E7 6.232421658648579E8 3.87121214416131E9 0.010681869541787835 4749.668980534666 
1.0673054899356415E-61 7.401528192492327E-63 1.400270636243651E-59 2.451700756397494E-53 8.522889472994036E-54 1.7997006092924577E-58 1.4118729929710899E-55 2.477569174885091E-63 7.061570391104938E-58 0.0 1.1002252722908694E-55 5.633786112240993E-68 1.1951871275328902E-60 4.987458950870114E-67 2299994.214173655 
6.555225673143079E-34 5.744359656568927E-26 1.977087161640866E-23 7.964220888947836E-8 1.1314572562999541E-11 4086.384140014874 5.49192938100879E9 1.6497777886656086E13 0.0 158256.98552873623 2827935.2938378435 149.8811356182723 1.1825366925198974E7 7222910.368220557 57.37276570704374 
4.671826469925186E-36 4.298347970606241E-32 8.564454032605426E-30 6.146713462293551E-14 2.657244753335846E-20 0.001389876618910544 11412.988495679909 1.0136694848794385E9 0.0 1309.0493941475456 851.7370229044187 73671.06362189942 27.02717704999402 1.2467751516465064E13 0.7863734620813144 
6.093967904492645E-18 2.526375211730216E-14 4.35008880215961E-12 7.897708426315318E-7 1.4508367552669907E-4 4115.465515729004 2.693702085704895E8 336.5500117471346 0.0 52.04795236561884 1.2706698027754563E8 43.428209292571346 1.3175031159129771E13 5.49313985052396E8 44.5143993652524 
2.123345564044637E-154 2.513835435352082E-157 9.821274114002037E-145 1.744540728948857E-129 3.1253219274237946E-134 3.130276211068924E-122 1.3317824114894757E-117 7.745334144505524E-123 5.0599854199851056E-132 2.6313604551929975E-127 1.902311264094886E-120 5.598927799932506E-133 1.0346653032211007E-52 1.291769162563492E-63 2712937.353178379 
1.9150228274524898E-25 2.2257564738864437E-21 2.9627016316522865E-19 1.0728773525599669E-11 5.1562205440726E-14 3.527069182688515E-7 20530.202448045973 5.654027308580232E7 0.0 6.631340438421118E-9 1.5777526070808666E13 554859.5868762438 6.574510698513394E9 0.005035413673679218 9.660969594664122 
1.6323827450184035E-18 4.880614539207003E-16 7.754089892752821E-13 3.2407334858260985E-6 0.056953070086641175 1.559317967249503E-5 8434.245483537645 3.33649043594073E7 0.0 15.868846201503777 278.6513528038252 2.148440961972532E-11 1532.9318201744823 3.4785600300059473E12 0.004792452890608614 
2.267211815482815E-16 2.693382950396901E-11 1.5957846941879306E-8 608.5453555097982 1.4225033836752756 1.6167650361644749E10 511088.1899735656 2.2781926211182392E8 0.0 2146656.101091028 85.27464555256367 1245520.6746462493 1.6922018837679406E13 17.968773933541957 663.6156162505779 
4.84477159976175E-21 2.6352336432766826E-15 4.411739844503163E-13 3.9937047914306577E-5 0.1795594753046383 2025.8241450617336 1.7686095178383183E7 2.38652190608729E7 0.0 81.52146320000837 3.379871190654236E7 12.382904435238526 7.405468757976699E12 3.0744080999730486E8 35.59562996586201 
2.456441835386321E-8 0.0031206962751617424 0.4885845905872885 1.0470627809972367E8 2.259811900714487E12 19215.65431299102 913772.8100520171 1.2447467014937057E11 0.0 19.250500245224313 4.7501978863060944E7 5228.5905505453575 1.2279278884506385E9 0.003558158467378244 15.985801897568416 
2.931838531164925E-13 2.6300646081928424E-5 0.007992296925036599 126.30121700251142 9.24062817431463E-5 6.8870342058402815E9 1032500.0611019682 813457.4890400996 0.0 6.983570190600983E12 1.6664137791528594E8 1.8381879392877206E7 1.4149215206588215E10 0.013326979422884414 118.15245464768329 
9.163006956762075E-125 6.354343246427729E-126 7.3033640049747126E-127 2.880292538209228E-118 1.001128622539644E-118 2.1139917368091583E-123 1.6584357560107264E-120 2.910240034390656E-128 8.294769351420607E-123 0.0 1.2923633643519783E-120 0.0 6.212212346206657E-53 4.166283191018929E-67 2102139.1940774526 
1.1416753441196905E-22 3.044626196115682E-17 5.789276125035486E-14 1.8785081364808652E-6 1.7750285249696582 42074.33842938439 2.3781815291800394 1.5467598655905504E9 0.0 8.058030554976386E12 1370.8568690124557 269745.14514802437 6.492897669701456E8 0.0026030189712452335 6.278778494224216 
1.6252219434092715E-23 2.474267372217664E-13 4.663905673481383E-10 0.020750371348073535 3615992.383258251 9.154037074470754E12 4.312371097801699E9 6.189017154535056E7 0.0 1.3224099724021414E7 1595.0374496878342 1.752629828703405E10 3.2137646742404364E7 1.2290464657922512E-8 18.60075896920661 
0.0 2.4218630661878402E-260 1.722765475955592E-195 1.2254701459303334E-130 8.717246192395975E-66 0.0 2.1972509439223916E-60 2.9943142638944337E-60 4.172508806466886E-60 7.662969000302417E-56 0.0 0.0 1.1158170771986723E-54 2.516064096931316E-60 357387.27882206405 
1.2172926778801643E-19 6.810984642879614E-13 7.15830514280075E-11 7234691.98727674 3.3701468572932847E12 3.738895164838618E8 2906850.52073707 1247094.2404488556 0.0 4407051.928382784 7441279.354634333 2.414356668158209E8 1.0574496317837078E7 11.424341192775575 4241.2672462101855 
1.8013302158390575E-19 1.0956000532770623E-12 1.0929251958282079E-10 1.1524678099357545E7 5.569623882745572E12 6.178701030772443E8 1.2584308320694685E7 2063220.4421362898 0.0 137353.79842872612 8439756.572577575 3.984605608121954E8 1.702764929887183E7 5381137.390538427 942.4798691792053 
6.935704398301457E-24 2.9673968200316193E-21 4.263088345435342E-19 3.108892428869779E-12 2.418754309587845E-15 0.006269820709205638 1792978.4254685305 5.9917129476090265 0.0 1.0417504977484137E13 2702286.434869122 5.999599005510336E8 3.423384661933011E7 2244246.374197867 8.093342613255505 
4.28038622588397E-18 3.0230082384616082E-12 2.4598399887565306E-9 0.020597834837294958 1564.0698044777662 4.749950187071906E7 307.459046653851 1.3345421840735389E13 0.0 3.014798555207847E8 1.2112107357211364E7 89641.12582214441 1.0834632699485114E9 35.83063927284142 1509.7371681179845 
2.7902814372525593E-13 1.2729124734499577E-11 2.947164128665654E-9 0.33633150906803433 813.135773725408 0.47046037973880844 1.045750813659759E8 8.898484947149234E12 0.0 2.601028226793465E7 2.3851443753363447E9 6.933271167574228E8 4.233334873316374E9 167.28533851179412 0.5248301697239065 
140649.81271946945 1.3946975069748508E10 2.0251243052932954E12 1.101791792305124E9 4.055720607054356E8 6.225697208377496E7 2.5456182928884346E10 45782.380961858194 0.0 2.339597052337904E-10 4.23035542169257E7 4.9379089669416745 1.8233991022992395E7 3.2425965498032503E-19 0.005650397970397467 
7.715358378809442E-12 8.967260658105745E-8 2.7812656990577065E-4 3274.2005965553585 3.5270088908935198 1.5505303275106994E13 2.452173471128932E8 5.5404007207896595E9 0.0 1.158008034684694E8 1.4287046474159487E7 15125.323778083202 1.2901603172968698E9 0.004282657024705467 96.7611832096472 
2.419598710619428E-14 4.390989781151404E-9 7.635952590647893E-7 33.769469595629914 1067438.7070920162 1.3203348248512725E13 9.762361063644553E8 3.8572804249951646E7 0.0 2752684.983213921 18011.26718648577 132624.12064553436 4.215115087629427E8 53.555347930374545 58.0597436548882 
8.4522390255724E-16 1.5934081446738273E-4 0.026614701769075853 4904.110258006773 3.0248418836671334E7 1.1481752095503115E13 1.079413496942126E8 4283461.690566182 0.0 2073050.5632504635 2112.340455775905 6.914447157041932E8 6.6460108788288765E9 5.359369482254E8 44898.44171311244 
3.0746324876773557E-18 1.3325821233281417E-12 3.913959381580528E-10 2.197105887135641 3.198247612900096E-7 4.790097490229525E9 1274.0021264446675 583827.1809248845 0.0 5.934526319153286E12 1.3891012920016748E8 4725047.358094201 1.279451131520915E10 206.09685289631105 111.34955956648582 
7.146661322053834E-23 2.271174534291023E-17 7.201682441342141E-16 6.926672607405375E-9 7.283321638776766E-12 10.49672235924658 3600405.793678118 5080633.868932605 0.0 0.09015625602352594 0.014218871800433588 8.380038548230797E-4 79.21613292197722 8.420832427957553E12 0.8966692744361299 
7.4657082135277625E-22 3.821212932152112E-16 4.02390442502705E-14 4223.265877166715 1.0871968047452848E8 1.0067098495615947E13 6.6252359395448215E7 3673535.1141716167 0.0 1960910.0475616136 2.3000407046803437E7 202159.2016121776 2.8806046656985883E7 3808492.9016649066 1309.3291074975673 
0.05526096958252356 5953.123632174369 0.4568306189043177 7.805519117045764E9 3.267692794198476E12 1.8175736357949564E8 830350.817027245 1710881.2687900385 0.0 2.7526823932410735E-10 1.3199537234986689E7 9.827236150718548E-5 3.633527841063334E8 921.6513264952056 36.06067979091229 
106667.24718861209 1.0051697843058912E10 1.4615485775555408E12 3040.4045318725975 2.8049231729601294E8 38.076722651989115 1.2267724027847713E10 1.1237203720018822E11 0.0 2.3656628596481647E-10 4.172861396017646E7 3.926653307092405 1.9136981184445586E7 3.278722815804723E-19 0.0016332456390575707 
4.386483835225949E-21 1.5987805764281427E-16 1.6538842646031563E-14 1.311098044378041E-7 1.191112927847471 3.872172879083035E7 1.350192774786802E13 3.59063862156264E8 0.0 1.8962046255807606E10 5.214061118030227E7 12304.320669188777 4.276141761920158E10 0.00635438213193054 0.5662761802155515 
2.3196937585911243E-29 3.072390574678699E-24 5.299843886416901E-22 4.775375368409049E-12 4.625496919244603E-7 2.278268433223137 3.7903706141769707E-6 41249.38205381034 0.0 0.0949042166574065 0.2125747421675158 8.914609872433733 3.9389158418939854 9.486141560280033E12 714.0936533742428 
6.0262533484096736E-133 8.997052883153933E-137 3.339792205134486E-133 7.137837834908682E-125 1.2791470977777851E-129 1.2811748113040704E-117 2.9578629029287007E-123 7.405216738787671E-123 3.275007628106928E-140 2.5158103885978565E-127 1.8187756949496363E-120 5.35306392413137E-133 9.892303859124757E-53 1.2350441280038256E-63 2652702.4983645417 
9.482367980651587E-43 4.9178517385600405E-37 4.266444237107213E-30 1.5308438682274256E-16 4.085501393322244E-9 39.541738264429675 1.177533134974128E7 1.0067004596927021E13 0.0 1.1481814621277721E8 1.5368172269841785E7 1069.3710180046885 1.8229150096778798E8 0.003248665379936582 245.79682844932523 
3.704240706987965E-19 3.6991690085405465E-14 1.3377873148546304E-14 1.7389866467322658E-4 1.8531305007252893E-9 69330.27433720489 1.6055508033952165E9 1.4788389191297911E7 0.0 5.129440821743422E12 3.3133061072585396E7 6162206.7025194345 4.6871127298666304E8 89.33221891275704 0.006846252358370208 
0.0273898775334745 5.335675818382432E10 5.004292708704767 7.141280696689314E10 4.0975343148870654E7 6275842.6312706815 347389.85117002117 39.81411402477801 0.0 1.9414667945338158E-11 3669685.009616379 5.69328183280142E-8 77.5455609361968 2.1500482560147806E-18 2.8488384975044716E-6 
1038.6915662509766 3.142411709704979E8 1.5999756421941516E11 309.4182566759348 2.2966840043656826E7 3.864946451722849 1.2231261835384152E9 3.250177252490854E11 0.0 7.953442377530325E-11 3261854.8770432235 705363.8874062715 2.469125676229363E12 6.427549139669289E-21 0.011949529391877958 
4.8666172533105394E-14 3.141929185872175E-7 3.8069401196765694E-5 2.0492882975301497E12 5.885688757889137E8 1.6465101194888012E9 138697.93684518064 5.403593916575869E12 0.0 97669.04842844522 4.8812954678666405E7 8.641540563961006E8 5.086784367703206E9 0.014036008614243296 56224.915774590554 
4.625382206442839E-16 5.615987005142682E-10 9.6547526831787E-8 2.2478370335777896E-8 0.029204288727208712 2.854238788543116E8 34510.35579552921 1728.9926413748658 0.0 8.053477700418525E-4 6917.101409766345 20778.44970914076 46080.14389601771 1.075921230419212E13 141.18720204562752 
6.3740979976143306E-18 3.2481097111121083E-12 1.0233038023890013E-12 5.558336705468394E-15 2.121918332262205E-7 4.000347313967353 86639.3144698743 10525.57746097523 0.0 68576.0910673704 7.4248720841608955E12 8590573.668425947 3.3254544709728133E7 137.58042023586688 6.408010938372497 
1.4920692328089645E-23 2.2715532698781562E-13 3.984301144589051E-10 0.01775599119742394 3094186.9834559043 7.833064719118151E12 3.690074840983565E9 5.2959116862664014E7 0.0 1.1182319416378904E7 1364.8468251202755 9956.496859089775 2.5298081377931587E7 9.674795966888956E-9 120.82667719973749 
3.460060387659725E-29 3.135668088480324E-25 6.746508716448403E-22 1.1128270861014743E-11 8.960909628826343E-15 6.96642455835347E-5 3011.688611447134 30.025009537619184 0.0 1.29517829562638E8 30763.67607294285 8053.595971072618 8.673151308590692E12 14.277199342962302 358.73057265446556 
1.4031230172965259E-25 1.6668701116887593E-20 2.8632250761216327E-18 2.2317355005205932E-12 1.971955669728834E-15 3.4187163403714087E-4 112899.85197758679 1.4684774889112707E10 0.0 1533.096531255109 21227.285816127867 877322.901841336 1.2009340391420578E13 12.513092092121495 269.000196660722 
2.057318972167388E-19 1.2512968225898507E-12 1.315060239785646E-10 1.380213954030001E7 6.429470290022721E12 1.5775423867575002E8 1.4368113487374054E7 8.057396268156435E7 0.0 157737.50451727997 1.5542925000920309E7 11872.209625839365 2.2433427799267404E7 21.316765829394285 5.531375014131109 
4.44875400211085E-36 7.319902630350262E-30 7.774757548711971E-28 5.202601656611805E-19 2.211562856446229E-17 3861.910266258541 0.001857208469742227 1.3540387494766026 0.0 8.104059870477577E-4 16211.054392598799 7.4812978938353725 1.0716870931027488E13 17379.654074001835 53.98407169146337 
1.9588924746851304E-32 3.942784267673667E-27 8.2629102494017415E-25 3.075014955041308E-13 1.0789244834611678E-15 11.212851202657568 1.0218859758913319E9 2.013367275454748E12 0.0 1.7101573566724308E-4 916491.8091406871 1.1163849834358034E8 4.1628031593962695E12 2535.088522151578 17989.99578506775 
1.3551179775680618E-9 7.308964551887005E-7 2.818296348791961E-9 263.64399193728605 0.14851530678756747 2.624536515929529E12 9.546905164789231E7 6.449660071611186E12 0.0 1.0896225697967838E7 3.941544918159421E9 1.2359746300162318E9 5.988755973594423E7 0.4995382966617952 101.6533969610335 
1.9761226831776828E-23 6.421273064645414E-18 4.839198495298183E-16 3.1241481323244925E-8 3.3299799364514723E-13 12.458292734440983 9.098810482999859E8 952891.1130302417 0.0 1.1503770503726926E13 7.281003982766505E7 643.1220095476278 1.0278045574845619E9 2049.5416458586064 0.010152749753297191 
7.294084926021829E-29 3.4256483037533507E-25 4.244699633219461E-23 4.18633492762876E-12 2.4355246921481247E-7 0.9940073032182641 384790.1313208886 3575868.4460886456 0.0 108.61708205930933 6.873491558049835E12 1985.6426985612352 3.0762940298970454E12 141768.9185579484 6.074903976203482 
3.364655694993383E-19 8.972882634848865E-14 5.870561618962227E-12 3.8385847869581877E-4 66889.8583024722 1.5614169332771351E9 756523.8710976726 1664155.1962347003 0.0 9.064439976272607E12 0.002983434511981082 57957.740609136345 7.649401944214014E8 1.1091823237526097E-8 6.244364355671657 
1.5197948155407757E-20 4.970447846288887E-15 7.599361398816132E-14 2.1896985935951086E-4 8.517450325860073E-10 169806.1609612886 3.9322596469011297E9 7.606901839397448E7 0.0 1.3181274008459922E13 7190955.736096233 1.5788095067010446E7 1.2008779474838765E9 231.78660603333398 0.09555281695424808 
5.793434826179662E-27 1.8347620730807416E-21 3.2344601056955287E-19 1.1810387821444374E-10 1.252412009754284E-6 41.5238402441448 1.4478996888555134E7 61067.856082180486 0.0 32.63018218949725 1.7179878619782803E13 5450.241368192266 1.7146224510691864E9 1.819305382160767E9 0.5916539858427537 
1.3467893081115361E-18 4.376298081869365E-13 3.298064866507588E-11 0.002129204495950278 2.318976633301827E-8 12.571718258491025 9.42207089230676E8 982801.4311644417 0.0 1.1910980018651506E13 7.538736358340734E7 665.8871891433415 8.461209687772772E7 0.06274682050088044 0.03872227756947343 
1.4456000096799854E-20 3.855134194888372E-15 7.330435631720203E-12 3.9711920013455956E-4 69200.62601311282 1.6371728678661113E9 793159.498407426 1744744.0208363403 0.0 9.503396970796154E12 1616.7470360760187 524.4645147068535 8.018892645247289E8 1.1627593951845885E-8 132.4606413624857 
4.456464506595642E-13 1.9546398027731577E-11 3.1134139250080897E-9 1.6769318518657088E8 1.901202860200144E12 1.5049167026616018E9 126770.4578990509 4.9389060189805625E12 0.0 1.862038653231785E7 3.2629107925867934E9 8.135179918032415E8 4.788718600486695E9 0.013213553134741412 56556.22059585778 
1.926347280493921E-16 6.747413193084373E-11 7.827213482527374E-13 0.008574544409924957 0.5255035826926695 3.7590711938165464E12 7.67014997370586E10 79754.78159706354 0.0 3.2465320648757266E12 116456.53252546159 34256.077736518804 33563.901231192845 1047448.1089042134 10499.61519285872 
8.266608604221566E-33 2.7195430226247177E-27 7.0621555576188295E-25 2.989415024997027E-15 3.2489131260477487E-18 3.083058514183316E-4 109.47964927950554 3884013.3447092404 0.0 0.020501986352803158 0.003233443007312518 1.6223181573991582E-7 8451231.127385635 1.160590649907997E13 1.0120674361087805 
2.289005743525257E-16 1.3490164567320601E-9 3.680899217487651E-7 1439.2185843963423 3.4392537851596974E7 1.1174793483855998E13 2.0323864963570923E7 1.0961533797467399E9 0.0 477.1066871075681 2.5078305736695808E8 104.89778910082156 6.498528512502201E7 2.6110678752348608E8 6785.822238561338 
1.1197736679145399E-24 3.8409379981206205E-19 9.272689321261743E-23 8.486065023747282E-11 5.96715782748972E-4 1.2296810225083733E8 1.5667536187593938E13 4075543.4902175884 0.0 3.47395914243085E7 1.9547024961392838E8 0.04448454485328538 2.487217448233392E7 0.016322789045450523 7.499513288560278 
2.7063151187086524E-23 1.5326645848957917E-17 1.0845629133054302E-15 1.102435809194884E-18 3.647544569175649E-11 0.0010320076695708186 161.21290561181948 156371.6645532092 0.0 101961.65511580331 8.998690884210795E12 326214.11891793663 4.023213921495086E7 1640.8258363517707 7.04826879483607 
2.9771122637449947E-19 9.736565152201968E-14 3.193650543113464E-14 4.4072418850100374E-4 4.696525057586336E-9 175708.81842729254 4.069065603540743E9 3.410377816204947E7 0.0 1.289580840699291E13 8.329906170630717E7 1.5492261196020309E7 1.1783761592514777E9 227.44343932351435 0.010870924393817274 
2.288217177395344E-19 1.6975523843254568E-12 0.4129852928144487 3.1050544531265553E7 6.702006895147494E11 1.6812640136178954E9 21538.6536196817 2.284963089631451E12 0.0 31.19032754141897 3.3711902308286047E8 8701.928981288947 1.9610673685884795E9 3.374803407945001E10 21.96368371460609 
3.9361163209431025E-9 4.658543175857676E-5 0.008449592393079559 1490.8324466264335 1.845773749347091 7.381758655668856E12 4.6701753477495745E7 1.6899148780408613E7 0.0 4431368.900370282 6528558.279033951 6911.614514103652 4.699152432043557E8 42.33781503224851 65.34755699795363 
1.1881168086624105E-25 9.356887529808095E-21 5.044546700547362E-16 1.0116293972433227E-6 5.244139582040956E-10 1.3784484343983248 3.572082533028795E7 207.08387596949797 0.0 2.6554699064812656E12 2.4230570127145356E12 5.286560741832486E8 1.672470457534825E11 2.1113843418691732E7 0.011213293338797418 
3.351984781741026E-34 9.875182009606212E-30 5.6883255615295365E-21 1.5619287436304293E-12 3.591464205433409E-11 1.6732054640706844 336355.28649976716 1.2707288816964346 0.0 4.1791579862526074E12 6259378.584928253 5171381.2420178 1.4524538838358542E12 0.055481747639164254 8774.204632363779 
5.58809596979943E-7 0.030630665582812546 8.015688419051742 7.243330321355757E7 952.863123493764 6.585113417139178E12 5.063141552459633E10 12226.53553144959 0.0 8.876302036460935E7 2.051202444081274E8 3190.097930149758 3380265.889135911 7.12277239253645E-6 119.82348787085836 
8.85903721657392E-10 1.8435745128076784E-4 35139.71028906708 1.7507259527365056E8 1.3847628647977424E12 2.0142310531807919E9 0.05230629269135566 4.654146038735616E12 0.0 388.35135845272924 4.255477003385712E7 17521.22494323658 5.038113210670229E9 25236.489041162706 0.0013598760370204695 
0.14745339664965218 0.004812989255049689 0.009452799801117476 0.0069128715131796005 0.0029713286339457918 0.0018198572949602837 1.4428346469903248E-5 0.008437671249277036 1.3899304749511254E-4 0.0038682100310140064 5.203061063464973E-4 2.097523010566912E-6 0.002886844405533169 0.0019029405959051597 3.3369590090855745E-4 
0.002618715781137335 0.1679667014880677 0.008703331575793947 6.321689983311869E-5 9.327506734338941E-5 0.0010193902500644086 0.013380655885512452 0.003273947061342874 0.001123793354083773 0.004976939805286174 5.7170806741132965E-8 0.004334337748905564 0.008621252889173823 5.292379545325709E-7 2.1219913028082952E-13 
0.0012180372949802919 7.106834852202357E-4 0.12219999667234713 0.003977738551895788 0.013308880151137414 1.0422725374140248E-5 8.374346490935245E-7 0.0015806813631370161 0.003053541844220992 0.01078242129847706 1.9598656940473718E-5 0.004143228040521176 0.009141820256373253 0.0033751604508687584 8.927275604190465E-5 
0.0012871762779647442 1.2439929191498855E-7 0.00143903565501532 0.13554163367380645 7.621897799873911E-4 1.1798694208485433E-5 0.020191494298975862 0.0011468577986444232 0.0068868093985253115 0.0027934783419421 0.004460100695387757 0.0 0.005480539845290195 0.012871846963513015 0.0 
0.00534095549968287 4.442379060623463E-4 0.001793139062680603 0.0064333051530574455 0.14835911868420293 0.005583404762692692 1.6697650817863526E-5 0.003915960895885473 0.0034999604768392797 0.006751367365493484 0.0034729266460722945 0.01292438019914663 5.820365572973498E-7 0.0022676014406030325 5.371518360249584E-6 
0.001184148632908107 0.01430569895733088 2.4687416682126272E-5 5.323108920700284E-4 0.002162871399315322 0.13243656856153407 0.0017339840319274655 0.002981642707228 0.0012630321983057888 5.156515906054156E-4 0.0015022693949072758 0.007705702500243387 0.007264628595610972 0.006716902790032643 9.828807947962518E-13 
0.0019176513359599513 0.0014261262685046786 7.524156357038275E-4 4.5739500350910266E-4 0.003027130938957098 0.0028988759356276435 0.11506070013645363 0.0018969539268942378 0.010155084522909015 0.005862899083357808 0.005908327457770309 0.00733741957520899 0.004588911413682489 6.694492391536784E-10 6.044563029910308E-9 
0.00588637422357078 0.006356628826025803 0.005244902753795413 0.006857760350792904 0.003231791942259808 0.007731558410858286 0.004734651283818709 0.11157842155845772 4.988611789292874E-6 9.122254329882027E-4 1.0750417516448202E-5 0.0028808237564661608 0.0015157718204138588 0.0014865931093050633 6.390030376066126E-5 
5.33644792975072E-4 1.2044061351186984E-5 2.928872300688066E-5 0.002006988559546471 0.011091104769990196 0.004214366637567323 0.0023815840928819248 0.0035014541065125364 0.14378673208094422 0.007565504227527133 0.0015420022856191967 0.005180567792267438 0.009282587876716254 1.8097139191762635E-4 6.780224648097656E-7 
0.005341858657594958 0.0022389876546128817 0.0018065961995736947 0.007126558611315012 4.467940566274069E-7 0.002002177099742054 0.0030440796795813143 6.708769551807716E-5 0.003718653998536742 0.1183630418947477 0.00962370584869605 0.008236064039104804 0.005729028116639904 5.668211263670653E-17 2.3845761602442342E-5 
0.001042549106819448 5.950982579076091E-4 0.009685075781591621 0.00457316840903174 0.009551329400839213 2.1382586936082124E-4 0.007755196393283026 1.0043624961501062E-5 0.004325607736625161 0.014138391176981444 0.1364532590821908 0.002499262037778046 3.9381726690884274E-7 0.00105871286220209 9.172215875497317E-4 
0.00103488443778166 0.014742514161607032 0.006002859527978232 0.0013126995882440774 0.004906163707982875 2.6610262419030095E-4 0.002290997632500092 6.242492146811365E-4 0.008248655283961598 3.8377739607219866E-4 0.0012873248886026154 0.1232825423763919 0.004391195359912958 0.0013126928879812999 4.1298433159200215E-4 
0.0037116722196854682 0.0012090027025271005 0.0025966170409682855 0.0018284748377403587 8.3025733784654E-4 0.001876322695266635 0.008062608961769526 0.007717335113200715 0.008595356620221971 5.649405197368358E-4 3.895835999060077E-5 0.006732658424137335 0.1284683966862203 5.775309077484279E-4 3.286571159940347E-7 
0.00175085737209346 0.0030261699631461245 0.008631384908417054 0.003232484102749273 0.0025971873526453 0.003263685186135928 0.002677782911352514 0.012024157913502719 1.731656570448914E-4 8.012113882699465E-7 0.005192003328140613 1.8418968112808419E-4 0.004195414783988182 0.1160278087766692 4.9986831350822406E-6 
0.001722056276459812 0.0029686630285841865 0.0019327251687502516 0.009524473232884422 0.0025803164791469092 0.012551403195067286 0.006272540902491127 4.7406675776816944E-6 0.001769507673604878 0.0034498094556095846 0.0039187326651428335 5.780312223635092E-4 0.006609908742355978 0.007378527501882756 0.21066939587317118 
0.006072299590112696 3.901886581676251E-4 0.01019340215300579 0.0030215975235420842 0.006721408557944696 0.0010109316988641136 0.005452061327057487 0.0014236732415269409 0.00170687178845784 0.007566319725391563 0.005153472104364361 0.009525196364698382 0.014250897842727504 0.01806449632305117 1.7723500883073075E-6 
0.007776421802680636 0.005988369845246641 0.005340729018243435 0.0033029779042723626 0.005237799115307272 9.42443451945655E-4 0.007163287290785286 8.400786208307319E-4 0.006930034904964484 0.0017999973147085515 0.006795705116189874 0.018535505918583727 0.004779465501525896 0.01307219667853694 1.1073911101563296E-6 
0.006274405608454976 0.004831715960876259 0.004309166986512167 0.0026650075848541886 0.004225836034570407 7.604004956535054E-4 0.0057796223159876986 0.0014588457802425425 0.005890535672864278 0.0014887200978010785 0.0048595506889733105 0.015325684959589511 0.014431084898807225 0.012391417554734403 1.078169996179683E-6 
0.0036275884661445637 0.0020408320050502213 0.004180759905762644 0.003783114560342557 0.007140954412831457 0.008441881516235544 0.0025404756723627 0.0 0.0063599965077907935 0.0030685045817634487 0.026570206489569512 0.007393470235913048 6.113853652929688E-4 0.026658972398639257 1.7005419340759925E-5 
0.003884808013563329 0.0018550402215568407 0.0015022642303569116 0.007527546250210091 0.006342693419108087 0.0023269415438214864 0.00917539393967866 0.001408033405407246 0.007026749454383458 0.004119608795107843 0.012740588014661318 0.008213056042366494 0.014710262772245965 0.0018577468022345112 9.670302711727586E-5 
0.00544287683141635 0.009400340595958916 0.006057925709324227 0.002801081619376815 0.009013593541715444 0.003199603240134315 0.00834585218285366 0.008426712683119909 6.96274001539323E-4 0.001819731795598996 0.013689005291224618 0.01225121377550632 0.004989015969288165 5.613563193768837E-7 4.3894674122221746E-5 
0.0016351317590261177 0.0022583500233552445 0.003831529026973053 0.001740634598392494 0.0022475411264469267 0.005274838515937593 0.004864140648549199 0.011453847979911634 0.0075022004655258346 0.014535189722625555 0.007975324666442402 0.006348590999983986 0.001637539329237736 0.01591646049503761 4.7872922472136504E-5 
0.005444288866163184 0.00315240185388549 0.0012058190344490698 0.002021908478744912 0.007101478300221846 0.004393829336393471 0.011075147512482899 0.0019406461303001952 0.004589995166286609 0.012412083059342436 0.007193125986577566 0.008006929219114558 0.012705632044185441 0.0012872021793071907 1.8778543544547072E-4 
0.00826301355133787 8.091349819119032E-4 8.568824976276659E-4 0.007996170792556554 0.0026065011226809524 0.007690641077862109 0.009856175840761469 9.878774770574446E-4 0.006185150555510982 0.01649558292575076 0.012540779410302244 0.014267746361057572 0.005068137289631418 4.76489179606863E-10 1.2389313750401881E-5 
0.003575824802229052 0.006822145204064615 0.0014056437626126241 0.006252771594136714 0.003064381053783509 0.009113695262857581 0.01165781842127762 4.855956564280277E-6 0.006492569361805901 0.01719301766967205 0.013147335169948617 0.008947677588984692 0.0050136137197929085 4.7136305740912E-10 1.5981894066632656E-9 
0.005312879586154249 0.0034717612359965113 0.0012752659755706829 0.005352089132728444 2.285292316727652E-4 0.008273821476598072 0.010047010479743898 1.5506687386901609E-4 0.020615874002269424 0.006851738465027267 0.010759394380611324 0.00883027781466601 5.234487889942979E-5 0.0192096923751155 1.9783372307110694E-4 
0.009593993135219348 0.00719270677112913 0.002286053948146557 0.002568411510630981 0.004402512867765856 0.003828001044250112 0.001480036787322947 0.005097459566202915 0.0218810015569917 0.0039459051315653545 0.007173945596850499 0.006677764915330016 0.030023270715411738 0.0 1.1689238552587026E-5 
0.004804482312768083 0.0031847985806055597 0.0021542086610044243 0.0077134353995628345 0.004057193656895378 0.00594740716661671 6.868935881259319E-4 0.002823049674846487 0.023477438274386142 4.5987492688153787E-4 0.006944653464576662 0.01929641850500805 0.00498312179951665 0.004267001567447785 1.2978757195670657E-4 
0.004254906114891435 0.0073486077165923255 0.004735713473320362 0.002200572000746435 0.007052400432980474 0.0025004764026795682 0.0065289857413797885 0.006742573923200031 0.016951136397443056 0.001995396764899096 0.013912199829793167 0.006379321264358876 0.004917967501747371 3.3486909824398746E-7 4.401327279215742E-5 
0.0033901777609588912 0.001959089112850578 0.002476168408078075 0.0017286464219018677 0.004892566700345062 0.003539345934558872 0.00903466297892457 0.004063576241754259 0.01290231590930925 0.01266709541961822 0.008779846569829238 0.008653129870986417 0.005997401696126484 0.0012790574320192788 7.117194824912581E-6 
0.003067342291146847 0.0042221531510963535 0.007174463990178772 0.003259304616593751 2.2613199459554356E-4 0.0043816203433177945 0.0026390103493409314 0.012272795333379214 0.007890937809096967 0.009847453623880108 0.007967135364289786 0.006316283206340964 0.003326674820091119 0.01215714103447159 6.733536948449635E-6 
0.0030841285868813254 0.0012039968345068262 0.0011010694230728997 0.002589260361180213 0.003912967271628755 0.005723983084675911 0.0069607468449870615 0.01851180803101857 0.00821209178812748 0.004814545584160321 0.008483529425498515 0.007827784655974186 0.015737864575805553 2.510056279388434E-4 9.726664353842618E-5 
0.0042325683242463875 0.003538732594420419 0.002112434483566088 0.007464073324741467 0.003960327036441142 7.104645998118475E-4 0.005280158701781482 0.014860607820649902 0.007458528660953518 4.30431848370351E-4 0.007003745640820345 0.01885141592356297 0.004894528779480491 0.004312212762040649 0.0014682225158250703 
0.004336862574685996 0.003972766719034286 0.0035635651922062165 0.004599676377340206 0.006131039129004864 0.0063782508722952025 0.008636600475543554 0.011485075916656392 0.009517070973163668 0.005307717356506515 0.011659680812128287 0.007386536989696232 9.338814023320178E-4 2.774214491719006E-4 1.1479067018134512E-4 
0.005265975486037997 0.005894427183710926 0.010726258970405493 1.2311836257442363E-4 0.0016122499260935032 7.786404030402735E-5 0.002757729560344794 0.019602127211903856 0.0060854358097202485 0.018656079240111752 0.00613459726130377 0.00637681635057387 0.007517978821982344 0.004056964726186665 6.310365740664998E-7 
0.005189957774773731 0.006940587289522342 0.009220467926788862 0.0048711126059897995 0.0020522062726197354 0.00976869233006494 0.010839106661613343 0.017195272972047298 0.015467844849286228 4.2540784964331516E-4 0.011912518454962584 2.85103206810958E-4 0.00209123186943461 1.3116288137037814E-5 1.5676161726101132E-4 
0.001629950140507253 0.0029885708333896757 0.0027833312747010714 0.004451851974871487 0.0027915837216652226 0.009853364919634984 0.011924371975229355 0.0037277882256325397 0.002077474417562231 0.0064472703393122395 0.007503201386483403 0.00904031517237481 0.002975682509746938 0.011344939453574435 5.465333263782216E-9 
0.0051365715885649775 0.0034022866397593345 0.0012273728256131078 0.004629214110518733 0.007040518408078561 0.009793926710558815 0.013328274737245557 0.004706700294731678 0.006473486273502962 9.152421586445587E-4 0.008747454809970901 0.0054388604323797165 0.01641528200642105 2.516592257766318E-4 1.901185792371674E-4 
0.006937201030728843 0.004594961050813916 0.001670039800902907 0.006539067141845661 0.012010083008491487 0.0019658706665349815 0.014028621312592254 0.004954088189744481 0.006580263612688651 9.594149416416041E-4 0.009162260222317928 0.0142311290685973 0.005325636299407698 1.0295409719438602E-4 1.0679589194503549E-5 
0.0027725303607829452 0.0035219404757617723 8.594504227252365E-4 0.00406969831058196 0.004314920878496633 0.01010885682772916 0.012059107898205116 0.004581503544784621 0.0023329684694214452 0.006776596460410589 0.015125765160464773 0.010348657564013545 0.003411519985700377 0.0042888963679444765 5.538463608811998E-9 
0.006030229519680378 0.0034916785616102624 0.0013355951007889312 0.0022395160312667648 0.006338474670493786 0.004585334432892729 0.011557857929920845 0.0020311780227796504 0.011451889785680383 0.014670229251588845 0.002777553078076953 0.008641438343288892 0.005951137799423244 0.001276190601832071 7.0468455977218145E-6 
0.006537031372186642 0.0037851315981166198 0.001471965298462816 0.005901402202130567 0.01070197037291732 0.0017497147595617886 0.013854269238735758 0.007706628726953325 0.015641770968698357 0.0010989302710474572 0.0029119349488845978 0.005786622480328159 0.0059813460792583865 0.0011612591846833996 0.002050523512813601 
0.009223758357850562 2.1549708058007287E-4 2.020075846156114E-4 0.0017509965430483904 0.002850809170327675 0.006682316609806506 0.022570931046009567 0.018601820243617683 0.004874718604135595 0.013276516767117406 0.005831686147149622 0.004263790305717306 0.0034955536786524855 0.001408057631815622 2.2137267433873934E-7 
0.0028614458333207455 0.0024206921402211024 0.0021208648485043437 0.0011364061029730027 1.0837420977241956E-4 0.029644278412611115 0.006993659168885994 0.01081426470145256 0.0075293764630385345 1.0219353219511563E-4 0.005019276946148133 0.005170537302398132 0.005998301838657255 0.024273634182414565 8.688225238306835E-7 
0.006392666400953353 2.3104911758423964E-4 0.012307844151075808 0.003234680981147173 0.005116481141042376 0.015430518216847594 0.00936565308095112 0.009239715047467586 0.007920306472195923 1.944358526380311E-6 0.0024585909005379308 0.003925160653173897 0.017275649221667806 0.001517606101109621 1.3703785570556487E-4 
0.005520934192384322 0.00316068490514809 0.002212366946608 0.008069617393080082 0.00465104406631103 0.017433777821728783 0.006200175638310217 1.9639649446655656E-13 0.008599182215069858 0.013427134712123142 0.0014869632162807088 0.01671251626303045 0.0033241162388480284 0.006703617045556232 1.5746409456827987E-6 
0.004573616286738677 0.006095154071004335 0.008944318490282165 0.004948298914932389 0.007569781418044012 0.020059736399750915 0.00410978453547587 0.009035881444935844 1.2194346085757868E-4 9.899637809124872E-4 0.022161673733496565 0.001664717341499017 0.007235013868743026 1.7430269196648684E-4 2.8134139743308547E-4 
0.003871957548462153 0.004531888211106881 0.0034396929679586206 0.008746901356581665 0.00888727299622513 0.01866790092187822 0.012408978620581946 1.5850978791899543E-5 0.0023475314875619096 0.021737812795305178 0.003215577053941628 0.011589822233098939 1.811488467228476E-5 0.0012922819167110445 1.2198476294131611E-6 
0.0064873827435977666 0.004389531861614884 0.005057870014826904 0.0028731520018064633 0.0029660107128888407 0.014802241255656177 0.003981051060228604 0.0060925413450046975 0.019230978512809235 8.049817924458661E-4 0.01021329614112126 0.0043393579661977445 0.003678531436314556 0.0013407982277976222 7.399109238286368E-7 
0.005550393929157024 0.00930185690342499 0.0033486280402143416 0.003217078374307272 2.4564420663894195E-4 0.019408717589515775 0.004378807127585513 0.022655674250651535 0.011348537970239941 0.006502832566413822 0.006608615478051429 0.00305507335422548 0.003908281796186816 0.0 0.0025984601680832955 
0.002881349960943333 0.005283056358634306 0.0011063870596162008 0.00489487260125986 0.005488048651137128 0.014060261394201558 0.014877899757369197 0.004881324797357688 0.001012533362958449 0.007824714659998946 0.009212420267941808 0.008599968929384336 0.0036080695399018418 0.0015841966550430653 5.517973434499638E-9 
0.00365516894578736 0.0062746061574297 0.0042189626103471475 0.0054815899979968425 0.010869214931458116 0.008344138500829006 0.00498333222730105 0.004000699584878866 0.009314995022899073 5.721504404343465E-4 0.010734356143681945 3.7920201566676523E-4 0.0032776447696869055 0.011329189664955762 0.0012117319475658558 
0.0036616004133753605 0.0025173025220036178 0.0025658995989070997 0.0016289146430272122 0.016366028437634007 0.003511100035416555 0.0065181517389622315 0.007439730153611321 0.008284635925115587 1.4454050436669654E-4 0.011603078297436226 0.00700824362743436 0.023863052770494667 5.297369148719413E-4 1.4530516410085409E-4 
0.0030394781340491745 0.003069379569668829 0.002781662818403926 0.004480570406779502 0.017069529012747112 0.004348119872419681 1.7313268039827542E-8 0.002512864274317683 0.003994841213766578 0.0079838664926983 0.00484947673512488 0.02454979936742938 0.011764461236894033 0.004290648063236149 0.0048696840365114345 
0.0013372772079354907 0.007074851574170113 0.0021557302246146648 0.011530194114453114 0.01499434259064068 0.004357667056378377 0.009821440054498727 0.00244879627294023 0.011943408016247836 0.004206751216360101 0.013205376159237918 0.003941592130137474 0.0013256560547953735 1.6953881202481458E-4 4.483422468978819E-5 
0.005478172642017713 0.003765803830867619 0.002042748340331617 0.005823244570211739 0.01241519931560138 0.0045687658167436005 0.004841586759898652 0.00417407059025972 0.008858247450080112 0.011895936696735245 0.005521637328160397 0.007415613435623387 0.005153481884606221 1.3581133464657025E-10 0.002511606550211457 
0.008645265023228753 0.004998077837634298 0.001945375264268207 0.0077993970921134016 0.014143912539342031 0.0023124538440757844 0.0031771452187179606 0.007357648667042501 0.01548394022385293 0.001080753960337642 0.002881739073081442 0.007291633065306713 0.006048994620705304 0.0011743929323456664 1.5007090059873171E-5 
0.010169485687287929 4.6092494752487267E-4 0.006442428280020992 2.966738234242253E-4 0.015370223372749355 0.0010521137357827003 0.005599553514408794 0.014807264002134921 0.009492581042977824 0.006969214172928636 0.01045861501500741 0.006195456441369697 0.003691883421282917 0.0012300810845683899 1.2144344542126163E-6 
0.00848531096736156 0.005620375310786425 0.0020275469578583316 0.007985656011753087 0.014666983760522051 0.002400765516855227 0.017132068182112273 0.006050044031819144 0.0080478266557391 0.0011718604132934776 0.011191080714728654 0.006963172246160976 4.7287602241264E-4 1.0285808428546527E-4 1.90740912784105E-4 
0.007705618112989945 0.0028227645773468845 0.0038991947017908072 5.641060695040685E-4 0.018199904625768218 0.01620782563998967 0.003498760081787078 0.004902101128081601 0.012183386784676875 0.0027662240709454907 0.005807701087821614 0.007411801004777568 0.00373590572777936 3.0344455476126914E-5 1.5691626800396667E-5 
0.005125723968573247 0.01037713580808496 0.008198018969287825 0.011888244352607831 1.6094458991564594E-6 0.004089792094494538 0.005911378106484629 0.004335108612738108 0.002669978834478988 0.0016831263402490436 0.007774562060643393 0.0057138646990913715 0.004145718906142051 0.011583429178597235 3.3217834606276517E-4 
0.0018711773365561483 0.001975391969562769 0.010455567381719849 0.017163000591649883 0.00762201300140863 0.002324469671209816 0.009195820424495927 0.005311166215735697 0.007292324797474037 1.7901936682549789E-6 0.002263653438013839 0.0036139413862508333 0.015905892576920024 0.006706353398977739 1.374461037702864E-4 
0.0047107053961094455 0.003938489694881122 0.004837087516152644 0.01945889296263009 4.1802499492684894E-4 9.039137199716022E-4 0.008276989247676593 0.004545604703220979 0.00817487171020348 0.001736034065832671 0.007741056292419338 0.020835834644226864 0.005409757692693796 4.94673209205471E-4 4.1278019789852487E-7 
0.004976976404824667 0.004210363699683738 0.005147327395319781 0.021040025508192457 4.542804394109962E-4 0.004068868258064257 0.010383309514766846 0.005688450242187499 0.0028237844296876125 0.0018960881557482734 0.014608714304633957 0.0037450310169094255 0.002117169293899258 0.006595122437656996 3.14165519168661E-4 
0.01116088423183454 0.0050768259278327135 0.003899471249750986 0.015382413857089819 1.4150634490520823E-7 0.004299310791578864 0.006546851070047135 0.0017273331297486835 0.008913232297474077 0.01452438170730708 0.008184796480037736 0.008196945146340432 0.005425792299851639 5.620904109476807E-17 0.004505306638469431 
0.0034149323468967876 0.00361158942446303 0.0029148303963092643 0.014124386192389654 0.004751312027920946 0.001724390404273894 0.006539904183129245 0.004032764212878414 0.012396597900368728 0.005573716929862538 0.009569798068568386 0.007057451144765725 0.004835566386878923 0.0013699215335343524 8.090909980453547E-4 
0.001135520471428714 0.0034309697002380115 9.796565798044963E-4 0.01666514304560137 0.011404816848542883 0.002785471210622443 0.006763627192625888 0.020904235804311624 0.01082717677349778 0.0061563015997934565 0.006256447421094302 0.004470664296524279 0.003802143655276444 1.2971443357205718E-18 0.002562933809982452 
0.004060211043028578 0.00431037212714158 0.0036437201762762935 0.017071872115474482 0.0037832838065251914 0.0019619120794673105 0.014086870693852924 0.005065008114711004 0.006568467493624692 9.605690430201342E-4 0.009184021062693974 0.005646896607520955 0.0013582924038573621 0.006545661236730909 8.376048370168265E-4 
0.0045102732960986885 0.009330981542475032 0.008656293924886387 0.014017337332926314 0.004447088267126353 0.01798143671564009 0.004969286455226386 0.00571842086923789 1.2301788599224754E-4 8.026361636097747E-4 0.009933710646208503 0.009240000443951969 2.9076765218064525E-4 0.0020084327621945706 1.5961863789472875E-6 
0.005896008070812713 0.004353632680405221 0.0030170044872068072 0.01613682778321145 0.0209850000534113 0.006098676407989263 4.696389177615306E-5 0.0023836899191384143 0.011625867616297927 0.004094905965664864 0.012854283705443418 0.005954742036348197 0.0013320817629345336 1.7036059903388867E-4 1.9823342986074753E-6 
0.005447266138216208 0.003662506503072901 0.015960997190216625 0.004137235403402244 0.006405768021391913 0.0014939099805702958 0.007753575670200068 0.001825034123050796 0.00880755629296638 0.005064079773113708 0.005111108923264651 0.002960572221829036 0.004492993250225709 0.012649678384066767 7.763522369053604E-7 
0.007052063142331316 4.5314547050675954E-4 0.012346876092946194 0.0035853883240636784 0.00464016293684565 0.0010645414583404281 0.005741184416898356 0.0016016670763438897 0.0017486368931890844 0.007989150472997818 0.00545936246626536 0.010060990159719901 0.015052513089833299 0.012291645815790642 1.7746193637018273E-6 
3.948726817161564E-6 0.011276641490400818 0.01215070205199345 0.00884927476782739 0.002509058993707112 0.002709022563068791 0.004761506258908254 0.002445277396367889 0.0035661520239235306 0.009851094601743101 0.006774289201317876 0.012843777060809572 0.010217734319817555 5.133437609860781E-4 1.534906770563848E-4 
0.0051109908096211255 0.011467080546013229 0.012041294828277715 0.003080827759943168 0.005672368012670747 0.004720615346158067 0.006775648900587633 0.007515246837264249 0.0010070830485477984 0.0038160379758926995 0.015720956432327588 0.00708620523396041 0.0013241456485410268 1.3520509911305658E-4 4.41719076864873E-5 
0.006824767200917865 0.00892654598013297 0.01339532348014013 1.7169418200052754E-4 5.1661053282814E-4 9.091560612439408E-5 0.01034272643448538 0.007795891667576997 0.002037646355303525 0.01830050641927132 0.007764895003906347 0.005375622030861068 0.007377726530397068 0.00398127967662726 2.9265102362994026E-5 
0.0022487474710012664 0.004654638483624861 0.015780230598528917 0.012382075208115826 7.613543557550051E-4 0.006283146525448843 0.005330234736877494 0.006984818634556987 0.013788383099785596 7.294382592250715E-4 0.009055653894878779 0.008947810420760533 0.004405779679117138 0.0021217953157282583 6.123632738033826E-5 
0.0074437590195173915 0.005049462516099411 0.020885685327311374 0.005672746789602057 1.4693213409790665E-6 0.0013038976344937805 0.006767719267232215 0.015481380351863793 5.585718187613455E-5 0.004481227948378754 0.00851014488934195 0.0030333384316261055 0.003641813757275901 0.011894280952385691 4.753935817288295E-7 
0.0025638765344337972 0.008871825526241139 0.026843494907744875 0.001850598831869888 0.00848356285858687 0.0012706288174489599 0.028318599667827602 0.002735932356687359 0.0036521617685538275 0.0072726681516843425 2.3786338247807476E-4 0.008733344549868603 0.004340627139518705 4.0135869511307744E-4 4.1485963016422414E-4 
0.0047446395659662246 0.004749014502792448 0.030992393263340738 0.005176655500816444 0.0024810697758038047 0.03821286771533801 0.0026440686771494366 0.006004754732293921 7.612021102383237E-4 4.459026582438874E-5 0.009791897283601483 0.004039041737825153 0.0012234506727121488 6.44906673625539E-4 1.0266941926082865E-4 
0.008946942920172203 0.011702274232563006 0.017775673486096072 1.994971823305932E-4 0.013730288289577666 1.8386468025507335E-4 0.001095674141278481 0.01054361868954626 0.0030506968923112924 0.006885684428527576 0.008813591464813897 0.00611009390059973 0.007985802533015004 3.163563388744527E-7 2.9321231227196172E-5 
0.005468016854282425 4.269488936629195E-4 0.012587577722597625 0.011345777022428071 0.006158049806453254 0.00792694417161896 0.006303632508992705 0.005169611443547237 0.010324775591066268 0.0028668481083617852 0.00996414555697968 0.0027571179865633374 0.00382193884321273 1.484600574966544E-4 1.5596812084348475E-5 
0.006517197442686255 0.011187676359035031 0.007522446360963063 0.009773721775014723 5.255744853463771E-4 0.008879961295643567 0.005303339259933198 6.099263186819377E-6 0.008028300928744405 5.603337908304723E-4 0.007286928220249923 0.007863740014134353 0.0032794936899306257 0.011335580463711688 5.772752225465159E-6 
0.004533612060835547 0.01714326633859751 0.009879938916011063 0.0010532884736907649 0.0033913966494091095 0.004857221146856466 0.0046484357030545116 0.0012070010296255267 0.0072958744731494475 0.006763838998619333 0.0100706176766905 0.005869705474789765 0.01617271635126774 7.419972457470727E-5 4.0102110272047925E-5 
3.3810822737058755E-5 0.02229470132688652 0.004961083918511143 0.0131153471087749 3.741179286950234E-4 0.004014529335263775 0.007721586111684676 0.008608763668050239 0.00927091283044649 5.0065244102263606E-5 0.0038742187328163636 0.023792653805553968 0.005649886708311607 5.679884370534914E-4 1.607585723326171E-4 
0.005428601827554116 0.016701950198575337 0.0043106798735080675 0.005646905298201742 0.01300103145202498 0.004507502719981794 2.0958259741121388E-4 0.005539219591001493 3.550077417342172E-4 0.0047303394267445235 0.022074770057416353 0.011371775862807893 0.004315581154241574 5.487199618848789E-8 4.576780463512344E-5 
0.010334986555270207 0.01351778455934264 0.0064393838274442675 1.7801586121142464E-4 5.356318300407627E-4 8.107641286087309E-5 0.006581578477255478 0.007269627922122152 0.001900094494839084 0.01706512585440521 0.0072407236964965056 0.008515594037852615 0.007235952080656935 0.006836293764476923 2.9562480291540178E-5 
2.826943862707473E-4 0.022606168156517885 0.01307774689486291 0.008492994112822314 0.002090942026274431 0.004948728857581404 0.00586307824988497 5.128984909744384E-4 0.028504781529955402 0.002464740287968717 0.008271969529378208 0.004416221287240694 0.0023617515685327778 6.291437952810658E-5 0.0020151003399326716 
0.010082180524226783 0.017064947036456633 0.0038092979877722604 0.011001846412598739 1.949745108189621E-4 0.009746887625402854 0.002531702650734721 0.013031686951407943 0.0012835007583907564 0.0010495023566286918 0.010023703352185546 0.009598110522893166 0.003779794293426428 3.1426364331656415E-4 1.6308941840836766E-11 
0.00317645743381849 0.012247531555137787 0.008044444022232798 0.008797315439547043 2.4178297349017012E-5 0.00758367369507185 0.01310473471028442 9.106511291048332E-7 0.004877953882898731 0.001461296489141088 0.006209951051614524 0.011833896008662914 0.011598097962959915 0.002003791393460249 6.81839785902439E-5 
0.001583574697745513 0.022558917261833733 0.007516359074263197 0.0018822183641479125 0.00703471800507975 0.027279708303676417 0.005932808013239415 0.0016175634328795302 0.0038185741688566083 7.221057423371734E-4 0.007008172577397491 9.206665908484511E-4 0.011529496006448073 0.00132938689771439 4.156020738066962E-4 
0.005505165840960125 0.029125024329183867 5.0115217765743965E-5 0.0037768896956244533 0.019545842632472065 0.008922265469324455 0.00267482790350578 2.980133127213434E-4 0.01205071001515911 0.004272212566511673 0.013203392501678823 0.00396427913342797 0.0013320895796405372 1.8074149297578205E-4 4.4276535669134125E-5 
0.004750001533734085 0.015860951136814846 1.748776048306961E-4 0.01839358486338369 0.0071652232976525026 0.00164896971183685 0.0028932533217341226 0.0020432893363238054 0.009445110738974727 0.005016414722185855 0.005063001216032501 0.002932706186527167 0.004493684112581773 0.01232772526463221 9.398678131765332E-7 
5.337676177064629E-6 0.01536139938912708 0.015053242451669826 0.011496542675909757 0.0038430594068193558 0.003603367925827817 0.006469875568646363 0.0032625018229050892 0.004757978581934583 2.469588622627842E-4 0.007610711670848204 0.010174334865265672 0.010256336979806716 5.144370885272064E-4 1.560076225861408E-4 
0.015180799527834011 6.977434548219017E-4 0.007176108541668753 0.002878364264169892 0.005030356930140791 0.001146093236060588 0.006230598410834848 0.007441915127854653 0.002241727703625606 0.010241977630410334 0.006998825274949467 0.006433957749744969 0.004330353313538679 0.012703964426805183 7.588215301424472E-7 
0.023641721578513988 0.0021817168601054233 0.006317251372376058 0.0 6.85659225369975E-4 0.005433029484168152 0.006115567069031333 0.0026605504685396405 0.006836768630430226 0.007703012441455186 0.0013890396037510833 0.0036670000337131483 0.023915292326614563 0.008101320776288563 0.0 
0.017530434917111905 0.0012287695361905223 0.005434329234313179 0.0036282297372519446 0.005249574402673767 9.277810614281832E-4 0.00707031866998011 0.008025508753135444 0.008957139455980298 4.338555852557865E-5 0.007680140941906727 0.021225170807274884 0.005451914294556889 6.56008385192885E-4 1.1240934894189192E-6 
0.018479301209902623 8.493499598128006E-4 0.008688164543702066 0.0037951984211892463 0.00620688513414349 0.0014712440196101668 0.00771520648913573 9.976892159708673E-6 0.0020076495580077743 0.0029040265211301873 0.020136366958558905 0.006142916227140892 0.004058098164723654 0.012021039671331663 7.448073477229495E-7 
0.018824416918010244 7.45944437054802E-4 0.005012373582717069 2.966595404141408E-4 0.006761807262729005 0.003307772589292384 0.008566570283057769 0.002474049400126305 0.001954743170812579 0.014278271083432019 0.003764382729023999 0.009173097830794494 0.006962205179965142 0.00630635615247636 2.7356156348647106E-5 
0.01075868837282452 0.007701921512366275 0.003040155454395192 0.004389853357635206 0.006254700454926955 0.007933904462501312 0.003412607144464997 0.004793450689034955 0.012033145565330331 0.002772437425081301 0.009557393763572864 0.005717233703547563 0.003861162442048264 1.501925306278572E-4 1.567677204253514E-5 
0.016815419852000957 7.236675364714454E-4 0.004048641384481674 3.505477661078776E-4 0.013748415305088564 0.0010991305652320296 0.006074623631155691 0.01589196955556591 0.01106658340956662 0.003850511045136652 0.007108566264026285 0.00740075784845406 0.003662764878256394 0.0012203792156576234 1.209635742835066E-6 
0.013451442941913739 4.898938970939455E-4 0.004152705245915883 0.003113267718843238 0.002459909200670438 0.012756692104183683 0.013846284666612252 0.00852818046372748 0.006889134513954672 0.0010074640355327632 0.009632385084104385 0.005922578169459162 0.002936232968036199 0.0014778602796246575 8.347666896193816E-4 
0.01839918402742775 0.007875567422389417 0.005518052333179749 0.005777511283895646 0.013918441304148096 0.015961596832976876 6.636736983397961E-7 0.0012717032296266876 0.008461252465599691 0.0016974394122852136 0.004920511767735832 0.005206469177817216 8.198118428312318E-4 0.004147122551247864 0.006652826329076039 
0.011241277207815053 0.008254453464882324 0.004442657605314778 0.004291463348933109 0.012617439256891112 0.008435908484495646 0.0041261536251107 2.768381469155027E-4 0.008180070556363142 0.0025143069710299266 0.008959923534657292 0.008249967048795222 0.001497651660507225 0.002642939170904983 1.7058464224072464E-5 
0.019170560300779002 0.006418518305801008 0.008501573401779101 0.020396737983834057 4.596023509312078E-5 0.0028360902863070352 0.00930830153039278 4.4717039167303855E-7 0.006978935828343979 0.004738010297324836 0.0023937955428058218 0.006607473858809025 0.007900339441721665 7.391850458307298E-4 7.61854709100426E-4 
0.016970789036647078 0.012699712893753514 0.02404502003385475 7.90914115571226E-4 0.0030791356166649567 0.004125763403193869 0.0035429721264076722 0.0056505000585066615 0.002994811929724106 8.6966425563338E-5 0.005891720332569423 0.0018224865045662116 0.009766080569068858 0.003168489652266797 1.2458890568641573E-6 
0.023261933426754144 0.016837915908620073 1.2419113214929765E-11 1.3299050989671425E-5 0.005040133053563252 0.0042457028834268955 0.005546129279561894 0.0015722630227687268 0.007929657548550576 0.01047807167147991 0.004887886070303579 0.012168212202892976 0.004341285578325591 0.0015869480782732732 0.003136978704875086 
0.00398746598220304 0.009773549048456018 0.006423296234192746 0.006435678174271363 7.869230905468591E-4 0.010696725281691718 0.016478153280500608 1.6029843290941243E-5 0.007944815885072912 1.4741780968004372E-4 0.0042772671045062695 0.005882779838359419 0.002032207650579078 0.017102103082604077 0.017867405732046676 
0.004931882102391491 0.001226291991172758 0.0014842519208699465 2.2169582738786628E-4 0.014150793133082422 0.014609817834956277 7.099081707786294E-5 0.0024573003825722906 2.3569502313851286E-6 0.0026169023897858927 0.005327368811789079 0.0031626650070028725 0.0823220378911205 0.003958911664215888 0.060738979150189304 
0.006286422120458489 0.002966169702323313 0.0038566722107027684 0.004800459006937911 5.237989313576299E-4 0.011402043360580254 0.005904817798440048 0.0037756755283217796 0.0024570613022817708 0.002291604558630171 0.006892522035988748 0.02337002170305525 9.45059643478489E-5 0.012004985474617261 0.030207138580919616 
0.0038542925466892412 0.013000948782078395 0.005215058283178973 0.010499553978145476 9.557650655903874E-5 4.4301076325138937E-4 0.0025461686784310966 0.0025210868552555054 0.006337598331604663 0.0034911352046666463 0.046209424554740315 0.015559674850500822 3.2026972019458435E-8 8.040152232963114E-4 0.030314159001785777 
0.012921518330277618 0.008279984494216795 0.009067335800996843 6.165908993636719E-5 0.0085948533141223 0.013434089926746717 0.002938996999484909 9.616181996989032E-6 1.8577602512164957E-4 0.033953862704445 0.012088778668645486 0.00319112502154652 1.8688970344021677E-5 0.01149398094511581 0.028709827667508958 
0.005610712109759333 4.292465937433655E-4 0.011970957550232773 0.010087123351736112 0.01337973821954848 0.013328320588383994 0.0078110272809111545 0.01190735350804538 0.013809008027033432 4.825111160014976E-6 3.4549049082356105E-4 0.0026198601550559346 0.005539965361755952 1.9603013945742825E-4 0.014222543127917445 
0.0031340213302834684 0.0098906178942128 0.013569196203389929 0.0019522955545983255 0.004528394382783644 7.609583249466035E-4 0.009151060393390692 0.0237251618543673 0.0 0.001071158773979851 0.015581415201332093 0.009067762308087497 0.009231672912463573 0.0 0.02802719767075162 
0.011187490076019815 0.0028568907370590106 0.006049466328655983 0.00616464006500464 7.634989708718799E-4 0.01490914429874775 0.017316052438876847 1.6844946292700357E-5 0.008348802571580697 2.1260007733059087E-4 0.0045220282690055826 0.006219414425012411 0.012501125036320412 0.0014284239983429713 0.01843185484897066 
0.006074415320315665 0.012584081907035234 0.011605102526167213 0.01885696347087083 0.005869468766287711 0.024120460885344842 0.00687405625199763 8.67447904598825E-4 1.433395478920613E-4 9.344660576229252E-4 0.011574337642438388 0.0034949811945845684 3.1015011661907055E-4 0.0022421110482484514 0.025288588255597207 
0.004596545006095585 3.5165790870336403E-4 0.009950390315406663 0.009019488930622195 0.016389208242377887 0.01265920030615515 0.007386591271398609 0.010569128497030116 0.012937892284707127 8.173955985088706E-4 3.447585758857095E-4 0.0026171157560089236 0.005528557777412122 1.9562648524593606E-4 0.014516031681671294 
0.010913232291766934 0.003543695701178618 0.016805454849248988 0.021273707837064053 0.01277007392138189 0.00507065161040847 0.006700385543739775 0.006590041536575478 0.0053796541753017854 0.0 0.003570249511057262 0.009513525591291726 3.1504244294652103E-6 6.344930510420457E-4 0.023556389726041422 
0.002027213693922954 9.418392107415784E-4 0.034131846117593866 9.681529855875588E-4 0.0020611834961755246 0.0017265407207720466 0.006620782328423402 0.010488075093437108 0.008021051497392158 9.174823492817933E-5 0.00656779315453971 0.021125394328675537 0.005333612725482814 0.0019353120822476772 0.03475457749149333 
0.01178747246610587 0.027438647891835283 0.0033320655212148633 0.012482546506944319 4.6863331527270955E-7 0.004987658088760119 0.009547378842852223 0.004670589664536067 0.01753118761991018 6.379684209534912E-4 0.00917035755309077 0.004458470585542582 0.004330705420409222 6.96977694267182E-13 0.03448281112877473 
0.032554511625593426 0.016364036143019185 0.0026271888908747237 0.004005385809004976 5.482748290794134E-9 0.014462531449415738 9.540346008164349E-6 0.00667295966109049 0.001198442294188398 0.0036829805514127147 0.0028200699063862878 0.009202829892517458 0.02244564767245584 3.7154698953006586E-7 0.027345458498626133 
0.013161354739158379 0.008715568154915778 0.0037895288138425653 0.005310036490892166 0.006967673309348087 0.009318560982872877 0.004143057026377053 0.005598419279993692 0.007856268690447718 0.003022427293118435 3.606519521741193E-4 0.007388878138909974 0.007784168476298471 1.477972433514989E-4 3.8568174233925503E-4 
0.007742445804613434 0.015674744112991176 0.0031001112040265942 0.012330273043895069 1.6692883151937523E-6 0.004842947459114205 0.006291782253872064 0.0045907298803314475 5.741445442265097E-5 0.009824667039029565 0.008503694165066918 0.0062521698381367875 0.004534681781608046 0.0036787227560869233 0.0028958607116920465 
0.0032810490954720633 0.002233595421514099 0.01611468929053969 0.009211936691121499 0.002770161740586295 0.004814880441664451 0.0062553185994962245 0.004564124575040368 4.417919201061272E-5 0.00979729378675849 0.008436152180304631 0.006197600484890493 0.0044983427387809884 0.004329422554480749 0.002899781392389042 
0.007974837042760908 0.006172560095955919 0.007898241414418446 0.03593066029282541 7.321101197372243E-4 0.006583476878375248 0.00791658882406835 6.568719877868503E-4 0.007745929270687458 0.0024601714147254056 0.004694429547962271 0.004191242149728631 0.006749494282396074 6.399410653783633E-5 4.903733594435693E-7 
0.0020508793970081996 0.0021689842107164283 0.001750537052658218 0.008482572916468535 0.020536875712883623 0.0017933782864119816 0.006857121014984635 0.004228372688386225 0.008349902138880856 0.005457815475231027 0.009370800966520682 0.00804494323788147 0.004792970553760198 0.0013607522872699685 1.4270380957632155E-4 
0.0039203476185066 0.004425228856867894 0.003587088714057704 0.0060614463227497105 0.009539928963027168 0.01304220898602002 0.008877086937697632 0.005489114044395985 0.0076119144342722345 0.0010674412532088414 0.010500341855693967 0.003981674623868382 0.0015033027403991506 0.0014517265212730906 4.928670739149214E-9 
0.004920778798457004 0.005223961895556327 0.0072403602041671514 0.009187500415357003 0.003853777469897499 0.002018179607032289 0.041365636579049785 0.006318545732098754 4.36833192229666E-9 0.0010153406003729204 0.009622547088794559 0.00591514353162847 0.005460325237509823 0.0015206360917954817 8.509789237610427E-4 
0.0036478363126194457 0.004117622233174162 0.003222345698307072 0.0028576864117563078 0.003085191553508758 0.008754933398234473 0.0059694930405741285 0.02900264426959953 0.0014811355759876755 0.003535500164943182 0.009496796993546502 0.00700384139550784 0.004798834499374083 0.0014296293772186296 1.204125216164703E-6 
0.007273524283514539 0.005206964939278371 0.004927941139127317 0.00461428329489737 0.005581906150035769 0.007080484578305759 0.0030455259919505815 0.004277837455819438 0.010052341909434258 0.0024497288530673806 0.008444923968685831 0.005051754184460645 0.0032760670058448412 0.005934583822893361 1.5726248330397527E-5 
0.003922545384037786 0.0028063416832562666 0.007186735417758311 0.0035621074183662827 0.004321289630854226 0.005481429419851473 0.0060887140125474954 0.0025151570781992453 0.00847768507697842 0.01534930589821178 0.006412110183837304 0.005143550216273203 0.0028860340952700674 0.005991419184371864 3.9671245290806576E-7 
0.010098348549629455 0.008937975361278884 0.0032473257778148244 0.002619110935153114 0.009230642383922136 0.003982224203499413 0.0032744918805661756 0.007214330091581183 0.003974735392994855 0.003859868359379644 0.010722940905538216 0.009651920297886479 0.006371977182711768 1.7913754504384144E-7 1.1055302819298091E-5 
0.0015898884972327433 0.0029140113562312964 0.002713765633007899 0.004341163640577398 0.002722175359945707 0.009262316814799849 0.002820196600553269 0.0028668163796977584 0.005465035118036581 0.005558639954775133 0.006469031515759268 0.02245346722460999 0.00297275797691004 0.011115133563420223 6.259109287998826E-9 
0.010420824618859835 0.007460051869456792 0.004451566012399394 0.005797845958570746 0.004764541977759751 0.007265182671653827 1.6527168833868349E-6 1.5266454492739912E-6 0.007118041822575761 0.00909053717126265 0.007169627859540819 0.004288871951335904 0.016251905447512965 0.0059405277445048685 1.905482074697346E-6 
0.003978957598997762 0.006830434439862815 0.0045926942331011985 0.006055974233799694 0.005161804796523128 0.0012780858147822525 0.007901233456898008 0.007869908107748859 0.008625745913106237 5.867443501436487E-4 0.0076115624821439755 0.008232113002299488 0.0016842889137630782 0.01142296338179316 1.5209657850251185E-4 
0.005285443843297328 0.0013573997659144296 8.57094970499238E-4 0.001453822558231349 0.0050602411125417876 0.003130874292584385 0.00789172541277499 0.006740326698000133 0.004053432941294188 0.010808380073013907 0.006263738262489706 0.006972394061830853 0.011064001066126938 0.0011261078028589125 0.06917040198753041 
1.9854769094584993E-11 1.2171900532848755E-9 1.5586046825136302E-9 2.253679132288937E-5 1.0214623482037521E-5 8.540717465174577E-9 8.937128474595991E-10 1.07586474894467 4.050870589946286E-8 7.986674488235347E-5 2.345803007273021E-6 1.3929368174417721E-5 5.492635227993077E-6 1.9416431996013518E-6 4.955410785215097E-5 
6.14053094232502E-7 5.80639061655406E-9 3.751434361165619E-6 1.6688588204709653E-6 9.039776670966214E-6 6.355584391408227E-6 7.258951088215655E-9 0.9759843189046854 3.183521862010953E-8 2.441300587373847E-6 2.28420108556908E-6 5.2402411663788504E-5 6.573556695143049E-4 2.8253083869561634E-6 4.7164592092119296E-5 
7.655786308048894E-10 7.628905191527231E-7 1.3922856668718835E-6 4.71064598208133E-9 3.9161656541754006E-7 6.397837608321443E-9 4.2773404179027897E-13 1.0417794994838385 1.6471416747275254E-10 1.1571840467477197E-6 0.001204160324073542 8.301225313358377E-5 3.084672757693449E-5 4.052154162305755E-9 0.001032218673271297 
3.589199536327193E-10 4.153097228318063E-11 5.458452705524973E-10 6.976478103363709E-4 2.0361897277286804E-8 7.791784482173817E-4 1.8226232273732925E-6 0.8401456541924928 4.93247210622116E-8 1.0711370984377043E-5 1.0807159467657068E-7 1.2538518476540834E-4 0.001475824351759611 2.555915358644392E-6 8.49384242118307E-5 
1.0464335300165131E-10 4.762013159498935E-12 1.304432917520022E-10 4.771994606491306E-7 6.784625355000662E-4 7.438614711935603E-4 1.7905064265216747E-6 0.8253412830768354 4.845556049209222E-8 1.1497192039473628E-5 1.212760981903927E-9 1.2313906013067944E-4 0.0015517016372616256 2.516655641590361E-6 4.760972451819016E-5 
1.0856315505798757E-8 1.1688330369269046E-9 3.806465737386541E-11 1.3781025662638262E-4 1.0476111222323904E-12 7.906181178866222E-9 4.3146408201346494E-5 0.865603501557644 5.3427176886345595E-8 1.303550968938671E-5 0.003833512742521476 0.0012956783794080035 1.2220950779229175E-5 3.360179917395946E-8 8.338168373031227E-11 
1.325794976500287E-12 7.271500353135684E-15 4.71321818632941E-13 8.215823107905933E-13 1.6846134151829674E-10 3.1612699168225675E-11 1.0298686697135872E-14 0.8600326951825136 4.842069858189339E-5 8.433501933279626E-7 1.4053385791828294E-7 4.421894873366358E-5 0.005635412527357936 4.518891993131556E-7 3.446251213058701E-8 
1.3022643049628973E-13 1.386556602169761E-10 2.5987488493184874E-10 7.970163098421213E-6 6.004448271774156E-11 4.389130095374306E-17 4.251474559593696E-13 1.0444715540441658 6.213982437051798E-10 1.1602016608408748E-6 0.001207300439230294 8.941458772342686E-6 3.057360481224055E-5 4.0162756223531916E-9 0.0010276387831706923 
1.4993487930330103E-12 8.223379535493923E-15 5.3302042353701E-13 9.291319305740935E-13 1.90513852862019E-10 2.1340645024119974E-11 1.0298686697135872E-14 0.8600326951825136 4.842069858189339E-5 8.433501933279626E-7 1.4053385791828294E-7 4.421894873366358E-5 0.005635412527357936 4.518891993131556E-7 3.446251213058701E-8 
3.7124735802856694E-12 4.444290133808758E-13 6.772147547968457E-12 4.767703079748321E-8 5.397752304747454E-5 7.2764580858731875E-9 7.955131650287352E-10 0.9576505182941438 4.219785525013415E-4 6.580217300411325E-5 2.1633310350980323E-6 7.271997488724484E-6 5.079020187830462E-6 0.0017221192655089315 4.952295121045003E-5 
1.2645890181054446E-9 1.2601487733833633E-6 2.366561414015016E-6 7.908781115783167E-9 7.895188502672581E-12 6.456731797548831E-9 4.2795435596414437E-13 1.0513673431849435 2.481950619162052E-10 1.1678404961508655E-6 0.0012152493756404307 9.000329857687875E-6 3.077490320705941E-5 4.042719014975515E-9 0.001031016249733531 
5.760820647957607E-7 4.1953318758556777E-8 4.395441284768234E-10 1.6383217420618704E-6 3.810319272497481E-9 1.759597385302203E-5 7.858418823442655E-10 0.8247750074607895 2.8362637600747394E-5 0.001415497234031758 1.4923443857170594E-5 0.00123860781324327 0.0010653583635262835 3.6712386396842478E-9 8.774690703766174E-4 
1.325794976500287E-12 7.271500353135684E-15 4.71321818632941E-13 8.215823107905933E-13 1.6846134151829674E-10 3.1612699168225675E-11 1.0298686697135872E-14 0.8600326951825136 4.842069858189339E-5 8.433501933279626E-7 1.4053385791828294E-7 4.421894873366358E-5 0.005635412527357936 4.518891993131556E-7 3.446251213058701E-8 
1.4582688389843686E-11 1.7457281980280873E-12 2.6601163694872392E-11 4.547507364699001E-8 5.397752304747454E-5 7.2764580858731875E-9 7.955131650287352E-10 0.9576505182941438 4.219785525013415E-4 6.580217300411325E-5 2.1633310350980323E-6 7.271997488724484E-6 5.079020187830462E-6 0.0017221192655089315 4.952295121045003E-5 
5.45468399978154E-10 5.807751993065905E-7 9.403853754297174E-7 1.812334567711285E-8 2.637464972807586E-11 2.083459144151353E-10 7.913449217375235E-12 0.4669604313253726 6.034528360780669E-10 5.18712791473715E-7 5.326712403336737E-4 0.14530440310672263 3.5025776275138575E-5 4.221416727037957E-9 0.0015019968851428098 
1.2645890181054446E-9 1.2601487733833633E-6 2.366561414015016E-6 7.908781115783167E-9 7.895188502672581E-12 6.456731797548831E-9 4.2795435596414437E-13 1.0513673431849435 2.481950619162052E-10 1.1678404961508655E-6 0.0012152493756404307 9.000329857687875E-6 3.077490320705941E-5 4.042719014975515E-9 0.001031016249733531 
1.8015977090776686E-14 2.908657486270729E-15 4.8403039278150086E-14 1.5100186614172859E-13 1.5407717373133308E-6 3.727574617820658E-7 1.5364299344769998E-8 0.8871564689494864 1.857020065899311E-14 1.700397934252392E-4 2.220354331042679E-7 0.0031948570851252998 0.002152594391333688 8.316592101263329E-10 6.566530394207717E-10 
4.316465175379448E-5 4.994623278689069E-6 6.564477894412169E-5 1.0481006628474236E-4 2.1014400321495377E-9 7.678769083919465E-4 1.8483126126257153E-6 0.8519872817184427 5.001993976830786E-8 1.186837686900746E-5 1.0962812216008186E-7 1.271910754501582E-4 0.0014970802717006804 2.592727552571616E-6 8.554791066680908E-5 
7.117589232551014E-12 3.6465538535498133E-16 9.567191850298019E-15 5.801122530197192E-15 1.722098588449491E-10 3.032478469450217E-11 9.887193061857308E-15 0.8646037360759171 4.784819804401235E-5 5.012625259832971E-7 9.734798406075284E-8 4.491167607375769E-5 0.0056617416792572135 4.540004661126311E-7 1.0868150010001832E-9 
1.8277845203572213E-13 2.0942381061908425E-12 4.657021132405453E-15 8.384850343565084E-13 1.7192716040196639E-10 3.226307918273544E-11 1.4115524876829829E-14 0.8790413567187395 4.8647193124622783E-5 5.09632878655442E-7 9.897355333089222E-8 4.566163552284488E-5 0.005756284502902373 4.6158161135628646E-7 1.2941756611606217E-8 
2.8503441625809197E-6 3.4122145695493427E-7 5.199485144889101E-6 9.765156351824398E-6 1.393084458447955E-10 7.506851413720279E-9 8.207013710589424E-10 0.9879724533922978 4.3533959187565377E-4 6.788565667694869E-5 2.2318282394423837E-6 7.50224958139794E-6 3.927603824277269E-6 0.001775594215004823 8.906932413046933E-5 
6.095361928607995E-11 6.09274341260286E-11 4.2881706592623164E-10 9.816852684797745E-6 3.3001200805492284E-6 5.543172211662873E-15 1.4014847515219954E-11 0.8212465876845289 8.748997745238564E-11 9.07117988835068E-7 3.5885574503339727E-6 3.980914080837561E-5 0.0037299885472029284 0.0025871111554158863 8.546040754239789E-4 
5.69059689182799E-13 1.703558806791364E-13 2.3044858116723816E-12 1.0399484934615952E-9 8.13669596728125E-16 8.232981568204707E-11 4.347957546331751E-14 0.5911088681371315 3.879018487708151E-7 0.011389540705736558 1.8956831701009963E-7 8.957133234350348E-5 0.027063984532040036 4.3434916670203925E-8 0.0010060968873412868 
8.397361999860204E-10 2.0765387210253195E-10 2.424803521715932E-9 1.0427020574730964E-6 3.792898486872049E-7 1.2076036121279785E-7 2.243829586318437E-13 0.8221178016235721 2.2440369741527074E-5 9.18748503013698E-4 9.402997571012234E-4 7.047353122505992E-10 0.0027163617972731442 3.7027670362310418E-9 3.834454527298037E-11 
7.594407365674249E-15 8.085974277504517E-12 1.5155108934176065E-11 6.378570027436388E-6 4.0659807841241284E-11 5.339092322615229E-15 3.352269741542689E-13 0.8235614108576353 1.5547931349150273E-5 9.298534089318179E-4 0.0010231576648447559 7.5776681433565725E-6 0.008068174162328688 4.014922709412696E-9 0.0010274656846283934 
3.577716306757653E-13 2.65684659131278E-9 4.797280115230711E-9 2.7543993190143932E-6 3.2279770540299073E-12 3.749969635769033E-7 2.27737563698539E-13 0.7329627827760063 5.597094879452818E-5 1.2171215876640092E-9 0.0356108664863809 9.337891195688554E-6 3.0236315768306996E-5 1.1720785275409835E-10 0.001021904425376634 
2.5390093477392067E-17 1.0334121376637617E-13 1.0627387841825068E-13 7.519250448078756E-10 2.159888557436467E-12 1.1081377465015314E-13 1.2114934980779953E-14 0.9699446153101071 4.2078779944849286E-4 6.56164902533567E-5 1.3270239973784777E-5 2.0087602398114395E-5 5.77678382732397E-6 0.0030194054208528 5.6020706332279574E-5 
2.343747342773941E-10 1.9922610290696015E-10 1.111752180500936E-9 6.980820393809139E-9 2.3126065170121688E-5 1.9743726459059462E-7 7.159484951976369E-9 0.8465109196216895 4.526927798367389E-8 5.803116931415169E-4 7.612259663779721E-6 1.3028538264417214E-11 0.0014419417159980867 4.341853281314277E-4 1.3124873392418582E-9 
2.4675665099062824E-8 2.8552448893574244E-9 4.4441256984627225E-8 3.311345069996271E-4 1.1243232431997557E-9 2.1105858041286298E-4 2.851084463654239E-4 0.6746707317132534 3.686111416038929E-8 7.517280404846018E-6 0.009094482307022731 8.830333182855716E-5 0.0014510010011948603 9.953546627993833E-5 2.9730161113309307E-11 
6.190714691404082E-13 4.597284361138427E-9 8.300991454253711E-9 4.766085085619631E-6 5.5855420772611455E-12 4.5678893068342715E-9 2.3109206536680985E-13 0.7437590907617065 5.962801215170679E-5 8.409479314000245E-7 0.03622389344809356 8.99364157157733E-6 3.075203389438669E-5 1.1920697905795606E-10 0.0010305825060466962 
2.5390093477392067E-17 1.0334121376637617E-13 1.0627387841825068E-13 7.519250448078756E-10 2.159888557436467E-12 1.1081377465015314E-13 1.2114934980779953E-14 0.9699446153101071 4.2078779944849286E-4 6.56164902533567E-5 1.3270239973784777E-5 2.0087602398114395E-5 5.77678382732397E-6 0.0030194054208528 5.6020706332279574E-5 
2.1827095335811E-10 1.855373683916635E-10 1.1020607321297073E-9 6.42545037844294E-9 2.1704972274594722E-5 1.853047772021015E-7 1.2346672897433855E-7 0.877107377807954 4.3246801150544293E-8 8.867876809018014E-4 7.973274697471756E-6 1.3646422885834759E-11 0.001509067841574626 1.1329775613555522E-4 1.2252951887438392E-9 
2.8575676650310055E-9 2.0880051301619725E-10 5.939467258568847E-9 2.5540604322535943E-6 2.1795797045825944E-11 1.233097546008995E-7 2.291199470392456E-13 0.8394736762388066 2.291411236428052E-5 9.384307686036962E-4 0.001036533873452365 7.213879631770603E-10 0.0024486570855258 3.766602314312918E-9 3.8591801761505967E-11 
1.497153606721792E-10 1.7323708062230855E-11 2.276870391987049E-10 2.910080436863855E-4 9.032821356131194E-10 2.7151977501263476E-4 2.923466746993855E-4 0.6917990240126761 4.0615331068197514E-8 7.708250680759404E-6 0.008375476458451084 8.913315356657599E-5 0.001472518963189717 2.9618855774022068E-9 2.960857592620697E-11 
9.38674621923018E-8 3.661317879666768E-10 9.966774276744625E-8 0.0011436055076842883 3.937911132139011E-6 1.524373835569605E-7 9.490026082273381E-8 0.8023711784247629 3.733969916670009E-4 5.8622301873041154E-5 1.4794093367782984E-4 6.9165503475248545E-9 0.006054266764395355 4.67719607248787E-7 5.235371684659579E-4 
2.5391879875310894E-17 1.0334848465450289E-13 1.0628135564299588E-13 7.519779488011736E-10 2.1600405230220755E-12 1.1082157129322524E-13 1.2115787364196962E-14 0.9700128587391326 4.208174052650241E-4 6.562110690282802E-5 1.3271173642228817E-5 2.008901572300624E-5 5.777190270672267E-6 0.0030196178603841737 1.806395178632389E-5 
5.272719169856269E-6 4.249012092779545E-6 2.9307998110362514E-5 1.636202605636013E-4 5.7613915620163014E-5 1.139099458344761E-6 2.909901471202155E-14 0.5763625540675116 1.0699843462149371E-7 0.020503652042160855 0.0013019693322782726 5.61253671459554E-4 0.0014565969540309223 4.827212271247162E-4 5.23878947248388E-4 
4.827679838785298E-8 7.96012167891899E-9 1.6666507028519867E-9 2.2629759994912906E-6 5.378543048756501E-9 3.1050233214576254E-9 1.9065989881657186E-13 0.8433303637259643 0.001981101219084559 2.0632621399578767E-4 1.4249804103485406E-7 1.1228656447752188E-4 0.002051708647588529 1.194729507521742E-9 6.240203051719631E-11 
1.1842879704975983E-9 2.9172244916197754E-10 4.678534893510758E-9 1.128125217034904E-11 3.086782378819054E-5 5.5016238025271695E-8 1.8187780065250997E-12 0.8817032416374947 0.00335674382956875 5.129187752412102E-4 8.396991532966032E-6 8.400347327649749E-6 3.008929083921061E-5 6.596806398014225E-7 1.1750726073414583E-9 
1.771225272676395E-8 1.4617589684030827E-8 3.05239492030726E-11 1.1377253475386333E-7 2.646059505429935E-10 1.0093964218130757E-6 4.836247479841733E-11 0.7736276780825204 2.6321143270231597E-5 7.450677480542265E-4 1.3581935784586621E-5 0.0011272660615581822 0.001461164725812994 4.4395608138632787E-4 6.369606750089555E-4 
1.114600785246691E-12 8.678428701860567E-9 1.566161616613529E-8 8.992250580846735E-6 1.0538333472086037E-11 8.618311367658654E-9 1.6996323527812254E-12 0.8228206695095264 6.607923610161869E-5 9.319310656670855E-7 0.00997081737949959 8.25800919088879E-6 2.8236679938516876E-5 9.578130056983376E-5 9.969309344365468E-4 
6.763824350831763E-12 1.385979052598945E-12 1.4228868483540256E-11 1.0586742601823304E-10 1.0883667889941183E-12 3.0925368162640634E-14 7.461860214216E-11 0.827471599400219 3.589792117217138E-4 5.597822935448198E-5 1.1321003820431207E-5 7.156557133498921E-4 0.004952924513540164 1.123264723454358E-5 5.402882731772038E-5 
1.2854055723605997E-13 3.848039185903704E-14 1.6247186836406618E-12 8.17791171464368E-13 1.162822111337316E-10 1.2306434245276337E-11 6.499207267975542E-15 0.5427420900939989 3.055692103260245E-5 0.011267881241214195 1.7772214832543947E-7 8.37825965306222E-5 0.02537213175499848 1.6033727951289053E-8 1.6905348752248147E-7 
1.245146231168855E-14 5.067918436779029E-11 1.3841978569357007E-12 5.579016076044371E-12 4.224041562245835E-11 4.4564521334149697E-13 5.191323372985401E-15 0.9474177261382964 5.88520142476394E-4 3.312742486277136E-4 1.3331353865718839E-5 2.018011252337196E-5 5.803387848294725E-6 0.0030333107923426637 5.614955519614713E-5 
1.3202969654769196E-5 1.5277282893806437E-6 1.9282732282070786E-5 1.2287752984611474E-5 8.568959693652956E-7 1.676091102491171E-4 1.8376996031777126E-4 0.7433625226054795 3.4976184415746204E-8 8.0601700662168E-6 0.008708343431453313 9.315309211468741E-5 0.0015389301189279688 3.185772749873287E-9 2.083154823117075E-14 
1.1927290361372853E-12 3.570599169562238E-13 1.507577990325792E-11 7.5882919498395E-12 2.693578274409377E-11 1.2306434245276337E-11 6.499207267975542E-15 0.5427420900939989 3.055692103260245E-5 0.011267881241214195 1.7772214832543947E-7 8.37825965306222E-5 0.02537213175499848 1.6033727951289053E-8 1.6905348752248147E-7 
8.248056566393744E-5 1.4918118856131515E-12 2.0587044815390122E-5 9.508072947690333E-6 2.4166530942655345E-7 5.247909066749239E-7 8.884742289899054E-10 0.6944878190437948 2.420719408428741E-5 2.4963517290115117E-7 0.001947972662899862 6.518005541426018E-4 0.0022472206557251464 0.003489449023260386 3.2493541621663985E-9 
8.0102102776989E-11 9.201887998990372E-20 1.1677643827130188E-10 8.45122549103052E-12 3.259125888075429E-11 1.828450917302625E-12 8.781261011313767E-15 0.7099183291742127 3.1142138986472594E-5 0.009352321168220854 1.4343557756065928E-7 4.51319742067159E-5 0.005751771584639612 4.6121973207763155E-7 5.536778832362013E-5 
1.4917292515764236E-11 8.012109950268315E-11 9.297790577813965E-10 3.660772711665269E-5 7.574209576634056E-8 3.3552797182928254E-8 2.5895799953000563E-10 0.6817181544095636 4.281370847575596E-6 1.4071035399271206E-6 0.001670998104535173 2.4407569601059953E-6 0.0015147384953163032 0.009976067780178009 0.02344064246166073 
2.342598007951731E-18 1.8285199209750917E-19 5.4964593709594525E-18 3.135550052903109E-17 3.5359545516742344E-7 1.2819037232833603E-8 2.7624955325074376E-9 0.7426746317803995 4.935222890617819E-8 7.247559217461711E-4 9.280025487911803E-4 0.0028895817876612158 0.003637777968751703 2.21236556220103E-9 9.106252588179282E-7 
1.2804892693006652E-4 2.3159990428848877E-12 1.946861314101033E-5 1.2681037671656462E-5 3.655208669635939E-9 6.64619338933243E-7 1.2219143062016848E-9 0.8472076964123884 5.591502571606984E-5 3.060909106644414E-7 4.3878808846637037E-5 7.329441598922655E-4 0.0022582854751168045 4.6322085491391773E-4 3.21375850274415E-9 
2.4721225797705448E-14 1.2792299897494357E-12 2.6756378658499056E-13 1.1711223783777696E-8 4.434068134785161E-9 9.683931542780725E-12 1.7548750331845693E-13 0.8377560515880442 5.449425210079398E-4 0.0010216710722127968 0.0022949948226711207 0.0014836446849296934 6.867595976692762E-6 1.4065457644966224E-6 1.35911093704233E-7 
5.250338963504072E-7 6.713896486591729E-8 9.038579844376662E-13 0.2507231703081954 8.962140783706217E-10 5.306165317426384E-6 3.3938292067997615E-7 0.19700281047284007 8.927691164618361E-6 6.193987895550081E-5 0.0037266638135707523 0.0014462450445371091 1.1786548453862411E-5 2.7622007717829447E-6 9.68104869620857E-5 
8.903873227658081E-14 1.0269636955856368E-10 1.8964389986452935E-10 2.1291358647010377E-6 3.5503592628767114E-9 1.9184780272059484E-9 1.2567671977802483E-13 0.6254087620170317 9.505729786908794E-11 0.030097164811569373 0.002374745415703171 1.1769133401091448E-4 1.573796346985177E-6 1.8362486933235783E-9 0.023929414149416614 
1.5068224201031486E-6 3.4783779379928365E-7 5.82723790368975E-6 1.497717194917613E-7 6.993194074298087E-7 5.273662402511567E-8 1.946926138159286E-12 0.8321936529927098 0.003087783268658281 0.0010312334420875255 0.0011530073103648852 8.588710407852724E-6 7.372689121294383E-6 1.6974742313450003E-10 4.4110165946958325E-11 
1.542599954104715E-14 2.490508775749185E-15 4.1444616516097076E-14 1.2687747221029064E-13 1.3072162664950546E-6 3.162536057083923E-7 1.3035326090420286E-8 0.7528451792312434 1.580473282559253E-7 0.0019437504889341843 3.713605657055232E-4 0.0029723844709591864 0.0016437578098634992 8.812470861829971E-4 4.653817089152292E-6 
1.330539633380443E-6 4.6159061310229523E-4 4.3123682729120564E-4 4.82364398190864E-8 6.068848327137077E-9 3.1014811778543676E-5 9.733174680013541E-5 0.6549058318260043 0.0 0.008473831517986778 2.171532491142703E-13 8.237795830809518E-4 0.0014197103632539497 2.7595209750097424E-4 2.8286705046544398E-11 
5.272122019517185E-7 6.74175167541863E-8 9.076079878640667E-13 0.2517633920730324 8.999323681047877E-10 5.184821308198624E-6 3.4074879295625514E-7 0.19779566320872566 6.3083390493982214E-6 6.212625646039865E-5 0.0037378773696008717 0.0014505968054287519 1.1822014256011717E-5 2.639157688177776E-8 3.624988186062284E-11 
3.914811627282264E-9 2.1864023679688556E-8 5.032869335115676E-8 4.429209573019103E-6 6.007399008035233E-7 2.1194666263291756E-8 2.415491018935413E-11 0.45177645744114114 0.002911552056141996 5.859883830764025E-4 6.516891504974785E-4 0.04096268363904638 0.002717792063351146 3.754775238268236E-9 4.363163503416991E-11 
1.6364582120100343E-6 4.046709958002607E-7 6.473164025747379E-6 1.56086034146664E-8 6.891443583800976E-7 5.165702881878539E-8 1.6554891161134417E-12 0.8198573515415738 0.003120874746465245 0.0010545572517340921 0.001145705646641446 8.485277957171854E-6 3.0376848038290438E-5 3.8122862178519604E-9 4.3964512799818954E-11 
1.5310087815749035E-10 7.849818134706912E-10 2.8684465270731116E-9 8.677039182552264E-9 0.3554909683408346 0.021599693173666373 8.672630738898597E-5 0.02513047623710833 4.739735194283696E-6 8.540516844799105E-4 0.0021606188987154046 2.0717862566073084E-5 0.0038318354222446767 1.2023365481030723E-9 7.816532420552727E-5 
3.356908384172748E-15 3.3909338321028608E-15 3.8309528308139157E-10 2.898153672425817E-6 1.0180692586971125E-6 5.727474524866813E-10 2.5837264289303245E-7 0.8715808503402745 3.182314227822951E-10 3.21865780864874E-4 0.00216292533473085 4.989697876873599E-5 0.004477315461978263 1.467457363764154E-8 0.024793644415870064 
1.6797581033790412E-5 1.2745792542405563E-6 3.947651898744924E-6 2.6995788027949957E-8 1.4354434018725151E-5 4.449859002214262E-6 7.281287373884302E-7 0.850468570743964 5.312204364199743E-5 0.001071022208713935 0.004490743992678275 2.0843622113894117E-9 5.848041801204669E-6 2.5774372476188002E-9 5.202814746289502E-10 
1.0440606509338624E-14 2.992735085461953E-11 9.997777758198323E-9 1.322835952821395E-10 5.446290351993327E-9 2.0571563958696693E-9 7.501664148637996E-13 0.8762999935391674 0.0017617393983640848 6.766260559778031E-5 1.1800670488929826E-5 4.289438934597058E-5 3.5350865858424825E-6 0.004272714183512631 1.2690782388866947E-4 
2.6595427440494466E-6 6.576640959783019E-7 8.154492976344285E-6 2.202373613680324E-8 8.917594112307916E-7 7.50365367919434E-8 2.309609203148275E-12 0.7460936754931689 0.0028484708059350033 9.39546392371416E-4 0.00104488793290236 7.738605959359443E-6 0.0027615293761071792 3.81520067741028E-9 4.398131483244333E-11 
2.464169139117476E-7 1.4957099636023975E-6 3.3629212288660805E-6 9.908622121840653E-9 4.0120835877229987E-7 3.428671957597609E-8 2.7881820941135187E-13 0.5330544501588788 0.003354694986182962 6.914398958974893E-4 7.689638419312288E-4 0.01829435865012924 0.0027182614143975133 3.7554236718664944E-9 4.3635402369752874E-11 
9.04977494959503E-11 5.547934604849134E-9 8.445719290016717E-9 1.122290302733147E-4 0.0016096705204712545 3.437042976729288E-7 3.5965707542708874E-8 0.6641395435088705 4.328056610053023E-5 5.19543060700638E-5 1.2252442141996644E-4 9.441622393140473E-6 9.551738921705982E-6 0.024916520829678924 8.055355603016042E-8 
1.5718248636534935E-8 5.126114253711625E-9 1.546919700168475E-7 1.2471111480225905E-7 1.608424197286849E-11 1.3449507660029762E-6 6.126736436727089E-14 0.7607234220097148 9.889158848533889E-8 8.064322019914314E-4 0.00428717421471947 4.159139212198505E-7 0.004474674006460521 7.272554346392158E-8 5.654837378675277E-4 
6.269598091494856E-9 7.201296116231438E-8 2.6366225332038817E-9 4.168676850388473E-8 7.65154961746612E-6 1.4358554553089402E-6 2.731697687123801E-7 0.7596080913221824 4.2528096205040865E-5 7.952685518603358E-4 9.199887861388276E-8 0.001232538332164174 0.00658028946354594 4.61287361553657E-7 3.7043969336963016E-6 
1.3678483039531546E-14 4.836573112911887E-15 3.4588950166195096E-14 4.5816944350457707E-10 5.2260485202756864E-15 7.210894472719612E-14 2.7118458877624016E-11 0.8076813626371794 4.1383051825948954E-4 0.005137200640100817 0.002317981330978307 4.785867368597986E-7 1.7952905370090463E-5 6.7224080131627E-9 8.861947050176963E-14 
1.3592354400952555E-6 4.715457581296576E-4 4.4053733088674136E-4 7.903299384415544E-12 6.138253279189087E-9 3.136950535603293E-5 9.844485835864888E-5 0.662395507857817 0.0 0.008570740492886154 2.1963667101415866E-13 5.356238370036345E-4 0.0014167282509406382 2.8616214868891016E-4 2.5837569243168902E-11 
2.6510218003732268E-9 2.187838527321898E-9 8.369172772691258E-9 7.677201107486722E-8 1.0064651279330461E-8 8.637965179579757E-7 4.1386452763193345E-11 0.6620361238484215 2.2524462554226722E-5 6.375958072607606E-4 1.1622815956471989E-5 9.646641079202061E-4 0.004872948067641259 0.004828119055517719 1.1531492807565981E-4 
1.0204790241611374E-11 1.778190571755436E-12 2.8031593500297945E-11 8.581519203978742E-11 1.0377736505270692E-12 9.76633207233737E-11 3.8923364161427426E-12 0.49195183660793323 1.0285443354966073E-7 0.03953821265663698 3.6056314700873044E-4 0.002792826928339232 0.0015931002552145922 8.540886920694433E-4 8.1725129030781E-5 
1.146658472474024E-12 6.158727360987142E-12 7.147000925317267E-11 1.9209556257371014E-6 3.986384163741429E-9 2.5148607615042907E-7 2.323457052578173E-11 0.6478498664863654 3.670046115990128E-6 1.3223205385309103E-6 0.0015703145154389458 2.456338200425128E-6 0.0032537063753621228 0.009787950207580295 0.02321858187571323 
2.464169139117476E-7 1.4957099636023975E-6 3.3629212288660805E-6 9.908622121840653E-9 4.0120835877229987E-7 3.428671957597609E-8 2.7881820941135187E-13 0.5330544501588788 0.003354694986182962 6.914398958974893E-4 7.689638419312288E-4 0.01829435865012924 0.0027182614143975133 3.7554236718664944E-9 4.3635402369752874E-11 
5.567872089663648E-6 1.1659653171039208E-6 2.5492876135302534E-8 2.257442850549145E-12 4.155313985072648E-8 1.2011166254152076E-6 9.599949179736006E-7 0.6511590157230535 4.878507482420972E-7 1.549312905417064E-8 0.003512093222932158 4.424487584677035E-6 0.0014284778509154323 0.01117220805206749 3.0466175922844837E-6 
5.443734851514388E-7 4.0986460035088176E-8 9.508882638320218E-10 1.7555984846464996E-6 2.8902963266863234E-6 3.648770583116675E-5 5.585303020830477E-6 0.638996128517642 4.269866804217455E-5 2.1935619117488566E-4 0.0034226585406654207 9.983969359593124E-4 5.442858418251312E-6 0.016432218777652986 2.5905503202587128E-14 
1.9091436074168727E-12 9.788598401012864E-12 1.102283535309922E-8 1.1787398614019689E-8 0.4829197678331481 0.03831783658214296 1.245580840802415E-4 4.0034858078975583E-7 4.651313543893982E-6 8.381190096859879E-4 0.0021203116914439877 2.0331362577033856E-5 0.003760351004198438 1.1799064802724133E-9 7.743278903869141E-5 
1.5718248636534935E-8 5.126114253711625E-9 1.546919700168475E-7 1.2471111480225905E-7 1.608424197286849E-11 1.3449507660029762E-6 6.126736436727089E-14 0.7607234220097148 9.889158848533889E-8 8.064322019914314E-4 0.00428717421471947 4.159139212198505E-7 0.004474674006460521 7.272554346392158E-8 5.654837378675277E-4 
5.4087485438384334E-5 4.104090149356862E-6 1.271126861419258E-5 8.692527149725982E-8 1.6691148861429142E-9 8.211541651761758E-5 1.4239978434854832E-9 0.6949281073260148 4.459304302482115E-5 8.306216466220668E-4 0.0016336895176999324 0.0010906900296339791 0.00279419599852271 4.345861707081786E-4 1.7907790871005756E-11 
2.4004086137612663E-6 3.068305947513736E-7 1.1082106359211354E-7 1.1262433548786825E-12 3.7539404917387984E-6 1.7069430029911838E-6 1.1535246017468427E-6 0.33583156287293126 3.447514029671486E-5 0.0011716674122871989 9.016876366280585E-6 0.002444048067741424 0.0019893131821496074 9.513811851363376E-4 0.27662273361711065 
4.054050052576814E-7 3.475757408949554E-8 1.1069002911690098E-6 2.7535618012437735E-9 7.443416553855825E-9 3.3100512024090297E-9 1.392455861164072E-13 0.5887123998721652 3.959985886008347E-4 7.026700786911539E-4 0.03615364909431661 0.0012707187130169219 2.9244009116224726E-5 6.84585567807323E-10 1.805130383276933E-11 
5.105994843824205E-7 2.7211697111981887E-5 1.441105550926394E-9 0.12799677506206408 0.04791419586811199 1.8375867808238404E-9 1.974856950511184E-6 0.08282582194131881 9.345451315618556E-8 7.407710287614005E-4 2.9244506747820644E-6 0.003459679510265947 0.004071762386754359 1.3108745370396124E-6 1.5247441069458658E-7 
1.3802824515673596E-5 1.0473409083254574E-6 5.338193047748661E-6 2.5773138404822436E-8 4.4553530342607693E-8 2.6467066071292523E-5 4.372143956737537E-10 0.7056379702956279 2.5002140021865503E-5 8.20881432847478E-4 0.0038282712907370038 0.0011289671835147453 9.581266646017197E-6 0.0034826733986149825 2.590039511042965E-11 
1.4128347269891118E-13 9.751191804391548E-14 1.2480258118984E-11 1.6466352663334576E-21 4.147056383322717E-10 7.703954064034416E-14 1.787498622340048E-15 0.6690760272712131 0.0021975532872309843 4.8555665181581466E-5 8.512353473954041E-6 0.0014480572621676552 0.013491381656990506 1.1209682154152725E-7 5.423134293726465E-5 
2.322811731651339E-6 1.762520233546575E-7 4.064196324438637E-9 7.88398433085156E-6 2.2078343687783674E-10 5.3310669546427574E-5 4.4258716264298716E-10 0.6290993228336473 4.202160935636117E-5 7.355164481277897E-4 0.0034704470285693645 0.0010123369417561364 5.471916546760166E-6 0.01651098117489055 5.150737675317488E-12 
1.5729077421335396E-8 5.1296457914420405E-9 1.5479854207155974E-7 1.2479703212394343E-7 1.6095322901732145E-11 1.3458773439410813E-6 6.130957333847154E-14 0.7612475077663468 1.7836715087129203E-10 8.064322019914314E-4 0.00428717421471947 4.159139212198505E-7 0.004474674006460521 7.272554346392158E-8 5.654837378675277E-4 
3.1990662258169952E-6 4.1034648542050826E-7 1.4638803150093005E-7 1.5003384426514936E-12 2.550656381765424E-8 7.881811403636962E-7 5.356545040854071E-7 0.3845583277016081 3.807881589385021E-5 3.796480464590627E-9 0.002358814979280634 1.1597053283278191E-5 0.0020135302634703466 9.62962908785588E-4 0.2783013860160317 
5.4019403723882914E-11 4.253187966679258E-12 1.6486074837989869E-12 1.9761873649862507E-9 5.67488552352546E-12 2.5168065394250598E-14 2.1905170035354607E-14 0.6510318719159334 0.001540177065181924 5.598952989075238E-4 9.472174852194356E-4 3.728125223987515E-5 0.001416764837824021 0.005971677647856184 6.121898419098567E-11 
2.1622664190633725E-14 1.3301019728175205E-13 2.8353724066072547E-13 1.3579784002045139E-12 1.1364093974071582E-10 1.1070159715124497E-14 7.903635039279022E-12 0.6890621909719596 0.0022249147654127576 4.8694339608648385E-5 1.010161574327941E-5 0.0016271572576985755 0.013937348918948045 7.07960556666612E-9 5.5368258094326045E-5 
1.5718248636534935E-8 5.126114253711625E-9 1.546919700168475E-7 1.2471111480225905E-7 1.608424197286849E-11 1.3449507660029762E-6 6.126736436727089E-14 0.7607234220097148 9.889158848533889E-8 8.064322019914314E-4 0.00428717421471947 4.159139212198505E-7 0.004474674006460521 7.272554346392158E-8 5.654837378675277E-4 
5.138560293616542E-6 1.313095796062597E-6 1.6825384063803495E-6 1.1505941084108628E-8 7.341405911683364E-6 3.565110318760908E-5 5.865055746000572E-9 0.784849853163968 5.2425193822335E-5 9.17334237393002E-4 0.004050687748914122 0.0010002372637369326 4.230059552647871E-6 4.4882613096211083E-4 1.8255584093750887E-11 
6.51938195961693E-13 4.691480706573598E-13 2.2202264658329927E-12 1.3683210831725976E-18 2.0720508445053566E-10 3.8342658182682886E-14 5.929507273299715E-11 0.6890632708881702 0.0022249691130187804 4.996019282225368E-5 1.0103919690431014E-5 0.0014906801087114976 0.013888493777521924 2.4528859415067974E-8 5.421269122027109E-5 
5.491265563301105E-17 1.9050290382044727E-14 1.7943254592478812E-14 8.670852184566387E-23 3.9580559284830383E-19 1.2733813185748951E-15 3.996168958384502E-15 0.8267314606429111 0.0023097603340027444 1.5502047514466443E-5 2.175118521509495E-13 5.236466235956397E-4 0.0014026005730586259 2.9618037758653295E-4 2.57177810561238E-11 
1.689636165160041E-8 5.53451190734229E-9 1.3901550052697884E-7 1.2449644045570657E-7 2.1518063423448435E-11 1.3076014620719154E-6 8.326127416869879E-10 0.7604818587488734 1.8768094463801323E-7 8.063951833946438E-4 0.004286977415567321 2.4716177249918524E-5 0.004501662947559624 2.3803954409861778E-8 5.893067143954226E-4 
3.2697841391686885E-6 4.1299536634679395E-7 2.373614496647363E-7 1.6381681355683247E-12 5.4602636896788655E-6 2.4715083656908195E-6 1.5340433905573878E-10 0.34638797956581735 3.5558820292140244E-5 0.0012084972126900247 1.1059411222529245E-5 0.0024881663081180653 0.002051541908544637 8.509182261661804E-4 0.28012650846013243 
3.5418436494084114E-12 1.758387296421925E-7 2.5101167478351745E-7 6.674843222994155E-10 3.651869723816043E-8 2.3846428822537137E-9 7.122506089132546E-14 0.5790343397285853 9.075802004205255E-4 6.854874640391334E-4 7.683001628017599E-4 0.016576651184454685 0.0029417301724257196 3.720845512009924E-9 4.3434050766708343E-11 
1.3796751068819589E-6 3.416414358587681E-7 5.496526717421603E-6 1.3215716830348083E-8 5.83494656993176E-7 5.759171796931503E-8 1.4184000317136985E-12 0.7024423670977435 0.0026739220429024256 4.9221873713315485E-5 9.333324483622215E-4 6.9124083258356E-6 0.014194678167032819 2.3030817249086986E-8 2.8393577756536904E-8 
2.8535112363556913E-12 2.64600319678515E-9 1.1499839995059997E-9 7.64325742575569E-12 3.6056149699587084E-10 5.5889195352237175E-9 9.925486540018254E-12 0.31291418925356945 2.7935279720830116E-17 5.577427540587023E-4 4.2197449665200065E-4 0.005138468737080663 0.1400800681317616 2.8493005538557404E-12 7.77916975439092E-5 
1.689636165160041E-8 5.53451190734229E-9 1.3901550052697884E-7 1.2449644045570657E-7 2.1518063423448435E-11 1.3076014620719154E-6 8.326127416869879E-10 0.7604818587488734 1.8768094463801323E-7 8.063951833946438E-4 0.004286977415567321 2.4716177249918524E-5 0.004501662947559624 2.3803954409861778E-8 5.893067143954226E-4 
1.7260530549521627E-5 1.3097072793606456E-6 4.056451108055066E-6 2.7739805096192188E-8 5.326520219866905E-10 3.5424676336026E-5 5.82780567550661E-9 0.7798651243525716 5.209223157097476E-5 9.117854772102797E-4 0.004252212348873539 0.0012539885067262796 7.042087811112715E-6 4.514076674570032E-4 1.825107831705996E-11 
4.8034392803841443E-11 7.920152625277956E-12 1.76727057483143E-12 2.118428925511108E-9 1.0491642875282269E-11 2.768404121028696E-14 2.3111779255547423E-14 0.7160380213452254 0.001675070754247867 6.154819576054983E-4 1.2361040224635872E-7 3.8258860167097474E-5 0.0014539159648182265 0.0036658700439035803 6.129977725001236E-11 
3.0665544422842774E-16 1.835675931356722E-18 8.237208105231952E-15 2.652174859954239E-15 9.842700763301543E-14 5.429840323627096E-16 7.604833197999258E-14 0.6991601468436802 4.018342755659966E-5 0.0014344256898035374 6.589680678140344E-5 1.266154186551194E-7 0.003632429334859467 0.0053717512539476825 0.0018251717508593513 
2.2996318604150737E-9 7.163893669611296E-10 3.871509512134787E-6 1.7084487314759945E-6 2.0273314412257264E-10 4.571173750705628E-12 2.662596326132494E-9 0.7471280571283233 0.0021897732144905676 9.169607197081086E-4 0.0029594047637444857 1.0674747980056469E-10 0.0038641956395253875 7.560548728874844E-8 7.861398981195816E-5 
1.2569715419227638E-19 3.9654768373244645E-20 7.309193983974779E-17 6.803103045768493E-16 4.179573198035234E-9 9.412324742155582E-9 1.0841592997980416E-12 0.7119051220302228 0.0027222328204104876 6.438372398568135E-4 3.0854414845970573E-6 0.002302988851245999 0.0044732589682669206 1.0579932009637708E-6 2.5491410567202902E-8 
4.285365310528637E-7 1.0597050598985193E-7 1.683997671788634E-6 2.479603417584608E-7 2.526349310414985E-7 8.77498912324657E-7 1.7120381442858478E-12 0.5086620335686783 0.0019350433289544763 0.05228190463069432 0.0011243049662938258 8.32678112008768E-6 2.9809437711963272E-5 3.74107637527062E-9 7.339419538434758E-10 
3.311992222550666E-9 1.080123551471044E-9 3.348940880899735E-8 2.6294077089325294E-8 3.428507821953042E-12 2.8668893623717234E-7 1.3059716355795034E-14 0.7563104740983614 9.806358124462019E-8 0.001207748655100104 0.004312713567855418 2.7668175201046233E-9 0.004495828339545963 7.306935853693794E-8 5.668188436587666E-4 
1.951424937528292E-5 1.4807166201953917E-6 4.5861045970816435E-6 3.13618096915243E-8 6.022007468122136E-10 3.058798799248889E-5 5.487078107400822E-10 0.7799406338601097 5.2097275338967005E-5 9.118737597481372E-4 0.004252624064246348 0.001254109922663015 6.778755722745283E-6 4.514076674570032E-4 1.825107831705996E-11 
3.316980355106165E-5 2.632897778146601E-6 5.977825206377251E-9 3.048495477812613E-7 6.546288676256017E-10 3.1045857944088004E-5 5.569213885277845E-10 0.7916155233743662 5.287711665915307E-5 8.064288984681752E-4 4.839362992224013E-6 0.001112586378421624 0.004452460116447812 4.5488993204312095E-4 1.5851864915630724E-7 
1.6551773817898592E-15 6.206322401617977E-12 1.1493274619147257E-13 1.50469414974107E-9 1.0969045712884247E-9 5.146549057266171E-13 1.2486797788727165E-13 0.37957168919456996 3.80819213066005E-5 0.0013362302852474531 0.0058612794142416874 7.468585817932279E-6 3.199107833668369E-6 2.253865382207567E-4 0.2768927148581736 
4.610026774272602E-4 9.653834073704489E-5 2.110731705836638E-6 3.4134138799443507E-10 4.751087148431012E-6 1.0135180687641899E-4 6.1950554934024E-8 0.6164802516019184 1.3742468684795124E-7 4.5055812736322464E-5 0.0037211127454771695 4.687807554778353E-6 0.0013954764374721365 0.011798152317626202 1.2599895899229345E-4 
1.147427641303917E-19 3.7284838397234565E-20 7.665516491886133E-17 7.081008334483604E-16 4.350307859628876E-9 9.796816173102842E-9 3.2297285514771566E-15 0.7320390699979678 9.209976336518014E-4 7.056281005292317E-4 3.0268768160415715E-6 0.003653282502357446 0.004506937896623223 1.6824156440332572E-6 2.5593684152632415E-8 
6.794822306021129E-8 1.6802552541112686E-8 6.910475646309983E-8 1.3401010556091566E-10 1.351147140180117E-7 4.9726001247952803E-8 8.195432018392255E-14 0.30027282799897503 8.196189488080485E-6 3.355665218231882E-4 2.3845770423164245E-4 2.547057674968921E-10 7.231792071407492E-4 0.014152430158885137 0.3075703252180896 
1.2319525440314675E-10 4.0353397759907504E-11 1.013593950374504E-9 9.077321479310452E-10 1.5689314376528416E-13 1.0762569407312534E-12 1.2601813922363178E-12 0.6696476141948942 0.0022869611284340257 8.238904382749895E-4 0.004235696462125678 2.9328133808422355E-5 0.004427840965448019 2.3413597531281396E-8 5.844547718417033E-4 
9.951557423195246E-13 1.6080262225255464E-13 2.8038605160381363E-12 1.599510593282465E-11 0.1803765421486976 0.006539262809922457 0.001144256645282476 0.07009367433613317 1.3460498183913504E-7 6.302078634353196E-4 0.0016998557142890985 0.0025882803352474722 0.0032584608681858326 1.98167856105515E-9 0.05300633253613139 
1.684120944686927E-20 1.2520019310889656E-11 4.164560832776038E-9 3.399936962392736E-10 4.816682190319757E-7 2.2389842993694224E-8 2.341825032435046E-10 0.7447928115412474 2.6940693138474595E-5 1.304988707992005E-6 0.0032356099993737877 2.68603519274274E-8 0.005100255082711046 4.526674639557918E-4 4.0363335995738264E-5 
3.7259158125295525E-17 7.590112360133792E-18 6.109345128180277E-14 6.444223277905264E-14 1.3244816845448823E-7 3.07419835575258E-8 4.873820979107008E-11 0.6610519490398308 2.0279122396986307E-4 0.001063414863350731 7.523170142083443E-7 0.011910109482414779 0.0036392969047317823 1.1465339962185362E-9 7.86404205597828E-5 
2.137706107780033E-9 6.659456896831579E-10 3.598951326924145E-6 1.58817141531845E-6 1.8846043109232712E-10 2.2111849714062447E-13 3.1915418064996722E-9 0.6555464112797638 0.001928984693448973 0.004529132844135087 0.0028312650758726843 1.0212540548672926E-10 0.0036968792828071416 7.233183453895782E-8 5.836311375202708E-5 
3.3161499706925417E-7 2.3659027615691387E-8 1.2718574938563385E-7 6.12080900924542E-10 3.3497007391109774E-9 1.719956744554333E-8 4.645345835478463E-12 0.6954329427800944 4.361237926764731E-4 8.054938805613907E-4 8.921401957155703E-4 0.0010499751652405132 5.772141325959783E-6 0.0060988765863164455 2.5035318573737465E-11 
5.8025113692897196E-18 1.18203726224191E-18 8.513671972379679E-15 9.01588363108089E-15 1.8530352261841962E-8 6.734294394714283E-10 4.404554674204626E-12 0.6590488090377831 2.019868411713284E-4 1.0214177158680372E-5 0.0016726987737608159 0.012164678338379099 0.0037157002538160348 1.1706043151408955E-9 7.712695213987731E-5 
6.061796424939954E-7 1.1103783218439609E-11 9.187242823114986E-8 6.106235881542123E-10 3.3417253854338486E-9 1.715861673258253E-8 3.620452102388272E-11 0.6979056986661388 4.3767452116378605E-4 8.080968637651784E-4 8.953031043710926E-4 0.0010536976469246377 5.695480774896085E-6 0.006120238108601676 1.774238809846791E-11 
5.579562350537881E-10 1.8030127749584434E-10 9.518313732096464E-7 4.1693458958999364E-7 4.969945220306037E-11 6.161903365221421E-8 6.252337621268321E-10 0.6437761273111748 0.0027938469451380833 0.004532026179177932 0.0028330737661322824 1.0219064601391807E-10 0.003699240951308866 7.307721793946317E-8 8.25246920999536E-5 
1.0246023110852233E-6 1.1690935482230631E-7 1.8333279686829264E-6 4.4388286902458757E-7 2.2979256387614883E-4 2.808695823920804E-5 5.505639163765984E-11 0.36982608390734145 4.529793024070007E-5 0.037941756516032515 5.779172804155294E-5 2.7054243072989785E-4 0.03595271483516157 6.43244350027948E-10 1.4622978321956852E-4 
1.759079953868093E-5 1.334767673536131E-6 4.134068653077086E-6 2.8270588165826684E-8 1.5032281779541302E-5 4.6599910740649385E-6 4.885364436417012E-8 0.812100538936484 5.424544323393455E-5 0.0010232431466890186 0.0042904087110954186 1.9913773315520916E-9 5.9512792578956456E-6 4.38439826586774E-4 5.189732789316839E-10 
5.017850063169067E-16 1.0222014825161614E-16 7.334408693312568E-13 7.768138332988951E-13 4.6230160590654086E-5 3.587734180569427E-6 1.2647248161229127E-8 0.6175037593538676 1.93441882851962E-4 7.016015093346307E-4 0.0019391882353461305 0.01085349489264317 0.0037358192711230537 3.069713939134421E-7 7.737396212056382E-5 
1.9601254476410687E-10 9.020424387536644E-8 4.119643081952762E-7 9.178076012255173E-7 1.4773306795423792E-11 8.434038101641917E-8 6.730047206798045E-14 0.839755652970922 3.735251131988901E-12 0.005131739916844273 0.002313840245586933 3.283617742948615E-8 0.005138253258340533 8.351049934108273E-8 2.889229847356567E-5 
2.7975770066587674E-5 2.498489233921186E-5 2.4965608637151736E-6 1.5705469019132288E-5 1.682244375287677E-4 1.0392300826178197E-6 2.654778846722852E-14 0.5258305587747122 1.1117065963685586E-4 0.02045075437127184 0.0012320806096511158 1.551502052070462E-9 0.004045046361988395 0.002298714603278833 5.403701728449013E-4 
4.426621590797021E-7 3.511776326881111E-8 1.0504532457966608E-7 9.479781641743028E-10 2.6973250155380434E-9 2.8125436321211005E-9 5.180952012893472E-12 0.7090009969759276 4.446326666327045E-4 8.132375923864611E-4 9.092620780808545E-4 0.0010701262035549548 5.784280943255914E-6 0.006215660812307667 1.7880166925335654E-11 
2.387761407662225E-9 7.438437920148702E-10 4.019933823086818E-6 1.7796636797951655E-6 2.1076999777428963E-10 2.5005770198623357E-15 3.783895246276259E-9 0.733704246980849 0.0022161700778584674 0.005075962125517951 1.2017427679385642E-5 3.1954143783466824E-10 0.0037378257680154565 7.30024786016856E-8 2.054637513186159E-5 
1.0689304832011111E-11 3.486049822006129E-12 1.0111972362172508E-10 8.2611965317616E-11 6.884190497020229E-20 8.834235975445204E-10 4.0243135146320735E-17 0.6069199284663254 4.06412473076105E-10 0.013999174155622294 0.004234436616823649 4.107976604760586E-7 0.005254121472791831 7.267123283603429E-8 5.645776773513595E-4 
4.238405242043566E-7 3.6338151308220476E-8 1.0233567444743476E-7 1.056477931207887E-9 2.637076413757443E-9 2.7331990879729198E-9 4.793713718636674E-12 0.6929310164370498 4.51577027123694E-4 8.245780851849188E-4 8.958428330698347E-4 0.001048274376739931 2.4124729663345327E-5 0.007008892920563494 1.783839547300607E-11 
3.8961512184939394E-11 2.8545084640242333E-9 3.649363083785252E-9 1.178763385405312E-6 3.0627180566410437E-9 1.642876012194843E-7 1.386157172875142E-7 0.39955958715275475 4.848530857381746E-5 0.03170215548274719 2.0691630319639212E-4 0.02086320386219012 0.005191391312565242 7.235406207035643E-7 3.5295922433437905E-8 
3.450236060266442E-7 2.7371793748499866E-8 8.187534429883362E-8 5.598997824781483E-10 3.0641320654871104E-9 4.478553050093549E-8 5.316193950624058E-12 0.7275085354447871 4.562392175646714E-4 8.423736429992478E-4 9.332788820682352E-4 0.0010983919939052853 5.937064112125481E-6 0.006379838238134462 1.8114766863770793E-11 
5.780178064503475E-18 1.1774877151981833E-18 8.480903672774867E-15 8.981182367397734E-15 1.8459030729056964E-8 8.051746453678784E-10 4.522733404768094E-12 0.6767317662020084 4.1810110611367166E-4 1.064026340813146E-5 0.0017424757059503525 0.014146380565021259 0.003920114616080653 1.235003571861882E-9 1.395402657313437E-4 
5.361352971645303E-12 2.413287695910082E-8 4.81816448781012E-5 20.245557701849396 131732.709427039 4.3865764346172812E12 117445.10468387877 1.5074933294498762E7 0.0 72658.51150272255 1.4874068395332855E8 6074.701407080921 1.1348435642175032E7 64.58817643926267 0.29560306954851895 
7.158025544070053E-21 6.385701128079453E-16 3.1987884789016242E-12 1.897159253425447E-12 1.768931292438464E-7 506.24570190672677 2.2079978417575367E10 93260.53243010973 0.0 109269.87359666225 1.3828650302018814E7 1507.4618431506244 141160.54074095932 1.396080299901721E-9 0.02308151826713874 
1.167972665357077E-19 3.819823018005697E-14 1.2529243799382675E-14 1.7290372667483112E-4 0.386005131681738 1.594264646833838E8 67516.6804924077 1373772.86166248 0.0 1.4527402704560703E12 1.5160811865269004E12 6906942.021373365 5.2535751291163015E8 98.76625170437867 0.007258584753621564 
3.093915134534301E-78 1.4832237578504228E-73 8.158078049582505E-84 1.6958159158919035E-73 7.488741750420397E-68 3.445880300083474E-73 9.340007951818062E-68 7.160595005922645E-67 1.0125269791964192E-70 1.3519997778084529E-64 6.906961992063848E-66 17.517231725099887 0.0 0.0 0.0 
1.3383946984027523E-16 1.1951347619988383E-10 3.493924197135427E-8 0.9068775689688601 3.0428567551089777E-4 5.8670066623750824E10 33109.69900060107 1.5095818603924304E12 0.0 4536217.07406249 2.3612242645187085E12 2888.156141355905 7.00422828056282E8 184.2734233952336 6.375564482779897 
3.4020894421801076E-15 8.571218842110013E-13 5.57831340379251E-17 3.490402052601339E-18 3.610259965789282E-7 2997.7864134133747 1.5660935126497827E12 48026.42526896532 0.0 190.34332279608614 2642661.4614654607 34538.67599672651 7.572063853469011E11 0.006868389099732232 205.9560718091514 
9.066905799675552E-13 4.136277199108255E-11 2.0174602749798574E-8 6.63385273945372 0.003930318795051551 0.0038687809134629846 859436.984504851 7.45852375009164E12 0.0 1.0683519516252838E7 1.9848416746501064E9 2830.7924799727675 2.901095881173227E9 137.81903801725434 0.4738412332888372 
0.13380192897371895 2.6065239466860498E11 2.0681090214295782E7 1.2026791742888074E8 4.5680990881262146E7 6996566.422146331 387284.4350780773 44.38640509009483 0.0 2.164426704497699E-11 4125677.8766645007 6.347304913693305E-8 1962967.1725212557 2.5561909190847473E-8 0.00494822568989842 
4.082354179496685E-16 7.515507419035276E-6 5.711202487614991E-4 2.932189776688645E-5 10.89466000567554 2.8280438201727737E7 9.870041397917402E12 3.4011372413375705E7 0.0 17465.81220146905 10176.059953049475 1.7950962655162918E10 5.510973684984732E8 1.9393475851328839 9885.123032621246 
1.171603410203427E-5 0.00988074104135337 0.6547177580174216 1.3896627799788663E8 5.759600146470979E12 8.047818356453362E9 39357.54782864274 19852.526248021368 0.0 30.554606628140824 2.322042056799257E7 8.836676058899612E9 2.3843199925465484E9 8.369760016670866E-8 18.985529033003317 
1.1564120112607996E-20 5.431059392636013E-17 6.34383166060253E-15 5.779975046214854E-5 0.31926911580346456 8060692.025352481 2.114786126015186E11 1.9798717286966802E12 0.0 6.01639503017047E7 671683.1934774923 3217.30666820483 3.5719410116231626E12 309.64917215574616 20.12101382369058 
9.929270938619315E-70 2.188882284371878E-70 4.0286764905365616E-72 4.1324229600868443E-69 7.086589670506898E-68 4.409590596276821E-69 1.3006769178936878E-68 5.5594893085546667E-70 2.4979322141536687E-74 6.502973197668436E-66 2.81618650479471E-67 1.6426321810545995E-69 1.9946142091945468E-68 1.0519309830673838 0.0 
0.0273898775334745 5.335675818382432E10 5.004292708704767 7.141280696689314E10 4.0975343148870654E7 6275842.6312706815 347389.85117002117 39.81411402477801 0.0 1.9414667945338158E-11 3669685.009616379 5.69328183280142E-8 77.5455609361968 2.1500482560147806E-18 2.8488384975044716E-6 
4.00831365825523E-26 6.0228713322159E-29 4.976048313024663E-27 1.791850676763459E-27 2.311318490470213E-28 2.4022188224277326E-25 2.4279678035902045E-25 1.0287018570804326E-24 3.04520730129205E-26 1.8045020474513464E-24 2.0671264739466498E-19 5.268617395258818E-20 1.0684310077051637 5.833465563843894E-16 2.412999323315696E-18 
2.8268093020156407E-26 1.7664582860063606E-18 4.647220905683121E-16 2.8131232042264108E-6 3.083013189032662E-10 1144751.5101633272 1.9381338544233782E12 4.614678091006138E7 0.0 1.0480732332204279E12 4814477.323626492 197500.73717663015 3052830.1218918995 1.4842583644317272E9 17804.29535765651 
8.410785074611348E-14 4.018139971081115E-11 1.0345823573109631E-8 1.2009484197625138 49386.67792735756 2.3402276833890806E12 1.2479412088945007E7 7.071740889779729E7 0.0 4.540168942095653 11909.030279535296 20559.982019132283 2.7376367676668994E12 322.82092068923345 25.028578180835368 
1.330539633380443E-6 4.6159061310229523E-4 4.3123682729120564E-4 4.82364398190864E-8 6.068848327137077E-9 3.1014811778543676E-5 9.733174680013541E-5 0.6549058318260043 0.0 0.008473831517986778 2.171532491142703E-13 8.237795830809518E-4 0.0014197103632539497 2.7595209750097424E-4 2.8286705046544398E-11 
1.6838957624298694E-9 6.501056515161363E-5 3.7825598506318305E-9 3.0647610077904336E-10 0.0015612809848083021 4.8563666199280707E11 2.4927028595619392E8 717.4617865081673 0.0 1.4836640895722428 3.2883083272789935E11 664.251316282388 43045.569239583965 0.0019671511780264272 53.600706968089646 
1.4692709261103503E-13 2.000443755596681E-9 7.970750487491247E-6 23126.655405291836 2.6475507020550695 1.3907548564054836E12 6692660.129378586 2.5890852984910998E8 0.0 1.3966509393048055E7 474219.07705203746 86.64096195101475 6.11113274476271E11 85.49137582073416 4658.752415871426 
2.912381723703957E12 4.451661544286932E10 2.8045667036773837E8 1113663.7532275799 7042284.670228463 10823.79505486549 1388611.7265918383 1762855.6586422063 0.0 2.836305371910246E-10 4277742.722843208 7.995947581669339E-5 2.590609716358362E7 0.022297147293392366 35.75866590454571 
5.4726774717027105E-12 1.607247160929984E-9 9.939846275827502E-14 1.0535733748945317E-9 1.0200531827217487E-5 156144.2395210484 9.773918368108067E10 413745.8068875321 0.0 1067252.6843090444 6.152469441511878E10 116.13189778150719 2966988.512029976 0.4252538203121496 48.65454791741166 
2.2463188952313605E-11 6.571894253512851E-9 9.879462055428582E-7 0.6277516139563487 514.9259878962587 3.984048721540254E8 1779.1713501055997 1.9824243506463694E12 0.0 1.458262903099844E12 300662.9779284169 2999.110110966848 23740.08083066281 225.96820763297794 109.84456118074804 
7.725173019041416E-31 1.6693375422661112E-21 1.1439984565733625E-13 9.40186008988767E-6 1672.612229189604 4.5262799148775525E7 1.6788858368913303E12 1.7133888164658463E9 0.0 1.3514696265772383E12 3.154862818908071E7 79711.27600303567 1.558891635257875E7 275.2424593673975 10.040123993724597 
9.24885199390104E-6 1.7667167076910422E-6 2.2096024730302482E-5 8.590655074154993E-7 3.9726070603379756E-5 1.221730196903665E-5 1.6720142260263624E-5 0.0740440551463974 2.762657429688854E-5 0.4667478663430266 0.0024503435831085938 2.2404983649948917E-7 2.1663476409189112E-6 6.141988804106506E-4 2.223164613987483E-11 
9.71966612398316E-7 1893436.2680923268 150.23198357806402 0.42613915409788056 2.584465908885173E11 2.920462094280439E7 564771.6840784139 39.121876509426215 0.0 2.00468586762987E-11 0.005402924915177202 5.834560796477892E-8 1795021.608168506 1.618919685496864E-4 0.004744123441610404 
1.4524893403856572E-9 6.802147616323293E-4 3.9292247306043534E-8 2.67241466803073E-8 1.1986914682839755 7.693461270359669E11 3.94895213191247E8 25118.511317109504 0.0 3.4371076838526E11 95258.57672094821 5787.5799290253435 52941.45928494998 0.0015875731290786723 17.18986472614757 
4.498081744512449E-73 6.333933492232843E-77 7.568950792467781E-73 2.8286406735687433E-70 5.867252378405248E-68 2.351057793015056E-68 7.119519213615496E-69 8.258751418399785E-72 1.0220428278422489E-72 9.958696075918644E-66 9.52991187723267E-69 2.4180482796593528E-68 3.962341547038129E-69 1.1349073686591308E-71 1.0608000378503544 
6.053003686050787E-42 2.0080420382874064E-36 6.064911900261399E-28 1.6653860906179985E-19 3.0096829550140574E-15 4.3697422756944766E-5 6.460766963992946 273911.19474467734 0.0 3.40801465744586E12 5104390.414076295 4217151.6678747395 1.772255598961713E12 7.473873868956189E-6 1517.6392049943756 
1.148611305787906E-20 4.113657234646638E-17 8.015271774392931E-14 3.566106980251938E-6 428575.5809534169 1.0847990163167144E12 5.110374676036997E8 6505058.091901455 0.0 3.145578374802806E9 7.992471489034214E8 2.4117890330605726E9 276863.0910983658 59.080588898868264 6.891096878519152 
8.091791676981934E-20 1.2111405146523547E-7 4.068242495858408E-12 9.945494677325697E-11 0.0032905893291454045 62035.84739372453 0.860890248251044 28765.733071564184 0.0 1.1088050541567667E-4 2.994691570524488E12 1.2798026260637299E-4 2.021258196834109E7 546.3729408255514 4.067257221039369 
1.2372841289677414 40742.56471522715 3.141881137475227 2.800192334601016E12 270785.85998081334 3.54660518517802E8 7855350.631988417 1347860.734646223 0.0 152.731324316085 3270764.344896368 6.325203836329083E-7 1.9807815408090383E7 0.01704841045432963 110.05296451088577 
0.06783975055416094 0.011867134948264597 6.964774358981528E-7 0.0029408720620740384 1.378968403562175E-4 0.03404969641878284 0.002146549253059162 0.00220808427405166 0.0 3.1279830950362204E-4 1.9194768385870337E-6 0.003271488058330658 0.019377092387698105 0.009734980043039217 7.633606858841785E-9 
1.0255136728166559E-19 4.523983893652102E-16 5.691892225556284E-14 7.189115379377761E-6 72.41197274180584 1.297362740359447E12 6513480.925744244 1377533.2287331168 0.0 249806.00935609097 3.726736846121012E11 2.182507214987546E8 3.558609002131472E12 5.485331762392447E8 53476.005295892406 
8.618792298205399E-5 0.0020003109785641515 2.165088425358541E-9 1.2177995661295208E-6 1.0576570338365308E-8 1.5967910124344187E-5 8.140173306171294E-8 0.2607671239246428 8.436271358144984E-4 1.4078918884693619E-5 4.527638096968612E-9 0.009091852764140663 0.04826257913436633 0.01010412478253527 1.3027157318915967E-6 
1.7926921630080265E-6 3492247.8978869095 1032532.4101614531 3772.629820113894 1432.9463093339946 219.47212263158627 4042.9872763973112 0.0014486344004656293 0.0 1.1132798913775994E12 1.6074730704637107E7 2.473077642947959E-7 7648238.574028664 18.65774954527421 0.009767320888567684 
2.4410054506833992E-29 2.5664146630577863E-21 6.8669920465176315E-19 3.4913944769162567E-12 1.824183621269786E-7 83668.26957728242 0.669341198056013 6.100847389599581E-5 0.0 1.48074233401202 1.5395212459976455E12 19909.919148663812 1.2579316179155254E12 575.8352052117732 247.39397220349028 
7.536460792346559E-17 4.592552627174636E-10 3.185963918563277E-13 14746.612581735304 25.687058697365945 1.1425503287007456E12 55818.10156670449 2.1656751586712197E12 0.0 33.84286836693194 2.350572284155132E7 68525.0793180714 1.4100278579453966E8 3851679.064648113 8123.134560068665 
1.910232468342928E-25 1.1906421985516636E-17 3.16509400821959E-15 1.735515992991234E-5 5.823488877542801E-9 7172534.732883649 2.828529946824902E11 6.241772715566837E11 0.0 9.381304373632539E11 1.2501767137364422E10 196693.31842477908 3000135.134783432 1.2015520198614388E9 17624.496467601046 
1.5589050496026907E-9 4.143675997416099E-4 0.11761261481013863 3.9988182802453125E8 41779.42715704979 8.867236735169452E11 4342935.867681294 4.236903093717639E11 0.0 570.8907925401668 808991.1841931251 82.68447225548988 1.0319175352953807E8 16.868938248733716 4038.4207170619134 
4.8015267317805E-22 3.371575999867849E-14 4.9532374349376115E-12 0.0019561435876107648 6.457324910616127E-7 6.220656544457271E7 2.4496491863008594E12 1.1287821655263848E12 0.0 1.2966538390674391E8 1.7485338981405563E10 564.8528910905059 1.4425097194371086E8 0.011800408775487086 28.698146167174055 
3.044006570036275E-27 1.2110848282626146E-20 2.7871356794981364E-12 0.026232465083821745 0.7326297331059817 5.273387667142382E11 1.2001745031189258E8 1747310.1394945856 0.0 5.888621581435997E11 3.0408108756158955E12 2743.278534822546 3.418013648658846E7 7.041624877844556E-6 91.42965052767923 
2.1788237049850203E-24 4.9570077846942415E-15 9.895277255222382E-13 4458.285632042382 6.501916450544183E9 720415.590932409 2.5273311106748682E8 1.871324977696147E10 0.0 97572.20507963031 2.451210912577246E10 1.0613144012447353E7 215563.30106499768 6699793.968023083 155.89441189184248 
1.8360960979671824E-7 5.437275456184856 336.82120623955944 7.144460099021532E10 1.1106837594657006E9 1.2854220340294465E8 32952.031355088 3.4768678781010535E11 0.0 8.532793600517588E9 3683292.340544334 1.7774694154492345E9 3.836660866935431E8 1.435070537749989E-8 0.015417053643403851 
1.6838957624298694E-9 6.501056515161363E-5 3.7825598506318305E-9 3.0647610077904336E-10 0.0015612809848083021 4.8563666199280707E11 2.4927028595619392E8 717.4617865081673 0.0 1.4836640895722428 3.2883083272789935E11 664.251316282388 43045.569239583965 0.0019671511780264272 53.600706968089646 
2.328324684477663E-16 2.4521747930809896E-12 3.0281834330219904E-10 0.0024848300519524557 72.0997876520855 7342662.242992085 2.617026066819091E12 4.788481631283945E10 0.0 369231.4520586873 746948.5130033277 149.21529686415397 1.6019752759607097E12 0.0015923180689568946 28.932412868484025 
1.0860202352002644E-28 1.0913247316914388E-20 1.898936942942332E-14 109.80828643809213 0.045655768920334724 4.927099581921615E12 249336.75467676303 3708258.9417490363 0.0 2.5608363918058803 1096364.8983009977 173380.8449157863 1.1530675380321672E12 4.913517910050979E9 8.724924300313445 
2.240098796290478E-22 2.760497690629664E-17 4.1053154632340404E-15 4.5146068737850133E-7 0.011816812478014173 2.1420544570102736E8 1087.676709686586 1.3602779796795789E12 0.0 266797.8364218588 5.0262047109091187E11 9676.845351654783 4.0667624477880654E12 18.15566076851701 46.74134883493249 
2.1788237049850203E-24 4.9570077846942415E-15 9.895277255222382E-13 4458.285632042382 6.501916450544183E9 720415.590932409 2.5273311106748682E8 1.871324977696147E10 0.0 97572.20507963031 2.451210912577246E10 1.0613144012447353E7 215563.30106499768 6699793.968023083 155.89441189184248 
4.00831365825523E-26 6.0228713322159E-29 4.976048313024663E-27 1.791850676763459E-27 2.311318490470213E-28 2.4022188224277326E-25 2.4279678035902045E-25 1.0287018570804326E-24 3.04520730129205E-26 1.8045020474513464E-24 2.0671264739466498E-19 5.268617395258818E-20 1.0684310077051637 5.833465563843894E-16 2.412999323315696E-18 
4.1195174396875616E-22 3.2957346434333486E-18 3.2717227781137546E-16 1.3211101061938648E-8 0.19099024730143968 890.4848480580852 0.3033177914321718 0.024372004676009584 0.0 0.0018934227643505968 5.479867397982672E12 1.329560773536835E8 2.056248825074571E12 46.19188367633126 5086.6071446401065 
1.0462589843993199E-22 8.376408297311551E-16 3.308675718536945E-13 17997.456529968942 31.349678196123207 3.161439148430738E12 89.19732790915977 1.5975389519484343E12 0.0 1272579.9957100446 3.371929681272701E7 102934.52659375222 2.0227148931796652E8 3.050767861569535 9721.746523375708 
2.903080676830161E-11 1.4654846928378229E-5 7.777896009028155E-4 2.2250019375602623E-10 134.94281385622517 1889473.2928851957 6.546046742766533E11 25696.396847077445 0.0 4.158880046856307E11 80.21716335275114 115.73385294423433 9459748.593964055 0.003364127334211759 0.013377684299593476 
1.0255136728166559E-19 4.523983893652102E-16 5.691892225556284E-14 7.189115379377761E-6 72.41197274180584 1.297362740359447E12 6513480.925744244 1377533.2287331168 0.0 249806.00935609097 3.726736846121012E11 2.182507214987546E8 3.558609002131472E12 5.485331762392447E8 53476.005295892406 
0.05526096958252356 5953.123632174369 0.4568306189043177 7.805519117045764E9 3.267692794198476E12 1.8175736357949564E8 830350.817027245 1710881.2687900385 0.0 2.7526823932410735E-10 1.3199537234986689E7 9.827236150718548E-5 3.633527841063334E8 921.6513264952056 36.06067979091229 
1.8015977090776686E-14 2.908657486270729E-15 4.8403039278150086E-14 1.5100186614172859E-13 1.5407717373133308E-6 3.727574617820658E-7 1.5364299344769998E-8 0.8871564689494864 1.857020065899311E-14 1.700397934252392E-4 2.220354331042679E-7 0.0031948570851252998 0.002152594391333688 8.316592101263329E-10 6.566530394207717E-10 
3.0551129600108016E7 3.152617957698063E12 2.4195745513896412E8 960787.4444852183 6075566.949213224 7.23639754681046E7 1536041.0103192236 1535343.1568985742 0.0 2.4702544546336595E-10 3725661.2498544967 6.963998068844383E-5 2.2562680504819762E7 0.019419498327864933 33.812623342430264 
8.618792298205399E-5 0.0020003109785641515 2.165088425358541E-9 1.2177995661295208E-6 1.0576570338365308E-8 1.5967910124344187E-5 8.140173306171294E-8 0.2607671239246428 8.436271358144984E-4 1.4078918884693619E-5 4.527638096968612E-9 0.009091852764140663 0.04826257913436633 0.01010412478253527 1.3027157318915967E-6 
1.542519780700087E-10 7.792534141118699E-4 0.11556030903915507 4204.101299122259 21.15876413278375 8.849225528800431E11 1.1818022396034465E9 1.3710210830957656E12 0.0 2.2648389791205405E12 2561523.844624614 195906.76248174833 8.159466452551149E7 6.919457920571344E-7 8845.74027401311 
3.4954879734376055E-19 1.0583981380962458E-14 6.319733262765417E-8 6.972746416417766 155.3857623948134 2.207974725275423E12 8.77985133917781E9 3031.658620141376 0.0 2.8256613499583937E7 3760627.1480131433 53328.91747603572 1.3031815214000886E12 5.495716489768646E-6 267.70920995103984 
3.093915134534301E-78 1.4832237578504228E-73 8.158078049582505E-84 1.6958159158919035E-73 7.488741750420397E-68 3.445880300083474E-73 9.340007951818062E-68 7.160595005922645E-67 1.0125269791964192E-70 1.3519997778084529E-64 6.906961992063848E-66 17.517231725099887 0.0 0.0 0.0 
3.364655694993383E-19 8.972882634848865E-14 5.870561618962227E-12 3.8385847869581877E-4 66889.8583024722 1.5614169332771351E9 756523.8710976726 1664155.1962347003 0.0 9.064439976272607E12 0.002983434511981082 57957.740609136345 7.649401944214014E8 1.1091823237526097E-8 6.244364355671657 
1.5534057412597853E-9 2.561333628178312E-10 5.715255459798541E-11 6.850882176815152E-8 0.005181120329902296 5.3136660550682046E-11 3.3010670867039645E-8 0.0022495695950172827 3.7716380396101204E-5 0.6784343226435585 5.6440303971501814E-8 6.975268612489058E-7 0.0014989401133203954 5.683482060715408E-4 2.332272898036891E-14 
2.8268093020156407E-26 1.7664582860063606E-18 4.647220905683121E-16 2.8131232042264108E-6 3.083013189032662E-10 1144751.5101633272 1.9381338544233782E12 4.614678091006138E7 0.0 1.0480732332204279E12 4814477.323626492 197500.73717663015 3052830.1218918995 1.4842583644317272E9 17804.29535765651 
2.912381723703957E12 4.451661544286932E10 2.8045667036773837E8 1113663.7532275799 7042284.670228463 10823.79505486549 1388611.7265918383 1762855.6586422063 0.0 2.836305371910246E-10 4277742.722843208 7.995947581669339E-5 2.590609716358362E7 0.022297147293392366 35.75866590454571 
7.536460792346559E-17 4.592552627174636E-10 3.185963918563277E-13 14746.612581735304 25.687058697365945 1.1425503287007456E12 55818.10156670449 2.1656751586712197E12 0.0 33.84286836693194 2.350572284155132E7 68525.0793180714 1.4100278579453966E8 3851679.064648113 8123.134560068665 
1.910232468342928E-25 1.1906421985516636E-17 3.16509400821959E-15 1.735515992991234E-5 5.823488877542801E-9 7172534.732883649 2.828529946824902E11 6.241772715566837E11 0.0 9.381304373632539E11 1.2501767137364422E10 196693.31842477908 3000135.134783432 1.2015520198614388E9 17624.496467601046 
1.171603410203427E-5 0.00988074104135337 0.6547177580174216 1.3896627799788663E8 5.759600146470979E12 8.047818356453362E9 39357.54782864274 19852.526248021368 0.0 30.554606628140824 2.322042056799257E7 8.836676058899612E9 2.3843199925465484E9 8.369760016670866E-8 18.985529033003317 
1.4524893403856572E-9 6.802147616323293E-4 3.9292247306043534E-8 2.67241466803073E-8 1.1986914682839755 7.693461270359669E11 3.94895213191247E8 25118.511317109504 0.0 3.4371076838526E11 95258.57672094821 5787.5799290253435 52941.45928494998 0.0015875731290786723 17.18986472614757 
2.587493997991911E-22 1.215209929016728E-18 1.4254047531094632E-16 1.4123421546036122E-5 0.757697081389196 2.3207481596673403E7 6.088419585680223E11 1.5161960746337622E12 0.0 23115.041389442053 2.0089974276517434E12 4.7910954011984503E8 2.912464431518029E8 89202.35824044599 18.54504217967062 
4.8015267317805E-22 3.371575999867849E-14 4.9532374349376115E-12 0.0019561435876107648 6.457324910616127E-7 6.220656544457271E7 2.4496491863008594E12 1.1287821655263848E12 0.0 1.2966538390674391E8 1.7485338981405563E10 564.8528910905059 1.4425097194371086E8 0.011800408775487086 28.698146167174055 
9.066905799675552E-13 4.136277199108255E-11 2.0174602749798574E-8 6.63385273945372 0.003930318795051551 0.0038687809134629846 859436.984504851 7.45852375009164E12 0.0 1.0683519516252838E7 1.9848416746501064E9 2830.7924799727675 2.901095881173227E9 137.81903801725434 0.4738412332888372 
8.266608604221566E-33 2.7195430226247177E-27 7.0621555576188295E-25 2.989415024997027E-15 3.2489131260477487E-18 3.083058514183316E-4 109.47964927950554 3884013.3447092404 0.0 0.020501986352803158 0.003233443007312518 1.6223181573991582E-7 8451231.127385635 1.160590649907997E13 1.0120674361087805 
0.0273898775334745 5.335675818382432E10 5.004292708704767 7.141280696689314E10 4.0975343148870654E7 6275842.6312706815 347389.85117002117 39.81411402477801 0.0 1.9414667945338158E-11 3669685.009616379 5.69328183280142E-8 77.5455609361968 2.1500482560147806E-18 2.8488384975044716E-6 
4.650976228517105E-21 7.080730590579962E-11 1.334692440461682E-7 5.938234114064568 3241619.5358059076 8.22728206382604E12 3.8757865078405294E9 1.1687955491226909E8 0.0 8719296.58829965 7905002.062470423 1.5267997582513308E10 2.3681777035598405E7 1.1069049250829486E-8 17.65231521205652 
1.167972665357077E-19 3.819823018005697E-14 1.2529243799382675E-14 1.7290372667483112E-4 0.386005131681738 1.594264646833838E8 67516.6804924077 1373772.86166248 0.0 1.4527402704560703E12 1.5160811865269004E12 6906942.021373365 5.2535751291163015E8 98.76625170437867 0.007258584753621564 
8.4522390255724E-16 1.5934081446738273E-4 0.026614701769075853 4904.110258006773 3.0248418836671334E7 1.1481752095503115E13 1.079413496942126E8 4283461.690566182 0.0 2073050.5632504635 2112.340455775905 6.914447157041932E8 6.6460108788288765E9 5.359369482254E8 44898.44171311244 
6.3740979976143306E-18 3.2481097111121083E-12 1.0233038023890013E-12 5.558336705468394E-15 2.121918332262205E-7 4.000347313967353 86639.3144698743 10525.57746097523 0.0 68576.0910673704 7.4248720841608955E12 8590573.668425947 3.3254544709728133E7 137.58042023586688 6.408010938372497 
1.3127717542935509E-13 3.1394461917528894E-10 7.773676459870797E-7 4.6682045407557964E-7 1.2559753883746446E-8 41982.4112702683 1.8324250884068802E11 774478.949449504 0.0 2012059.0672839524 1.1516901804911409E11 38189.32106013696 5556558.133985984 0.7964127817425866 67.02786326648656 
3.351984781741026E-34 9.875182009606212E-30 5.6883255615295365E-21 1.5619287436304293E-12 3.591464205433409E-11 1.6732054640706844 336355.28649976716 1.2707288816964346 0.0 4.1791579862526074E12 6259378.584928253 5171381.2420178 1.4524538838358542E12 0.055481747639164254 8774.204632363779 
1.1140774794239152E-15 4.567618396968696E-9 1.0698028620317492E-6 1.4100852702512348 4.104609736667926E-4 9.265215199674741E11 4.0544074910059325E7 68019.21763736161 0.0 9.063060458372535E11 3.96886495563003E12 8100.500726667394 5.234050782422092E9 279.79560133600853 134.62268479970436 
4.082354179496685E-16 7.515507419035276E-6 5.711202487614991E-4 2.932189776688645E-5 10.89466000567554 2.8280438201727737E7 9.870041397917402E12 3.4011372413375705E7 0.0 17465.81220146905 10176.059953049475 1.7950962655162918E10 5.510973684984732E8 1.9393475851328839 9885.123032621246 
1.3493943625177879E-11 1.21685784668646E-8 1.8684118294856417E-6 0.46661258609949646 4877.333199162941 4.1975090404153556E8 8.727208098541775E12 98044.01664472102 0.0 15551.85079032712 1.184272320297222E8 0.0030169835313827204 1.4692440212571617E7 1.2683012886810936 8188.334437930644 
1.4524893403856572E-9 6.802147616323293E-4 3.9292247306043534E-8 2.67241466803073E-8 1.1986914682839755 7.693461270359669E11 3.94895213191247E8 25118.511317109504 0.0 3.4371076838526E11 95258.57672094821 5787.5799290253435 52941.45928494998 0.0015875731290786723 17.18986472614757 
0.0273898775334745 5.335675818382432E10 5.004292708704767 7.141280696689314E10 4.0975343148870654E7 6275842.6312706815 347389.85117002117 39.81411402477801 0.0 1.9414667945338158E-11 3669685.009616379 5.69328183280142E-8 77.5455609361968 2.1500482560147806E-18 2.8488384975044716E-6 
9.929270938619315E-70 2.188882284371878E-70 4.0286764905365616E-72 4.1324229600868443E-69 7.086589670506898E-68 4.409590596276821E-69 1.3006769178936878E-68 5.5594893085546667E-70 2.4979322141536687E-74 6.502973197668436E-66 2.81618650479471E-67 1.6426321810545995E-69 1.9946142091945468E-68 1.0519309830673838 0.0 
5.406797947949522E-18 4.409434301234991E-15 6.803991928432936E-13 1.7338185086372394E-7 1.2054789392580535E-4 93.81867829194293 5.110050403372178E8 2.528231658482799E12 0.0 2.0287229961523833E12 399216.3356531444 5.480728524438459E8 2.0063249831113942E7 1.2228310214633298 7924.752850696203 
3.0506057270017364E-13 7.820704099786977E-8 2.2199574565992432E-5 70043.54938437487 7.914738263873381 4.209827845693918E12 2.025874537262956E7 7.837185632646184E8 0.0 8.529069769490158 1347989.6539956045 71.08143854465298 1.719437464688869E8 28.107947992271747 5212.934373946526 
9.819801035541474E-22 2.973335686310922E-17 6.2712721798547675E-9 5.377011563122369 121.152441810617 1.5030189865597876E7 3.06042949986205E12 1.1561954603688024E7 0.0 80261.19882498753 4620933.378628295 57779.6858605116 1.8001433050939565E12 7.097709741226819E-6 8359.68249152202 
4.8015267317805E-22 3.371575999867849E-14 4.9532374349376115E-12 0.0019561435876107648 6.457324910616127E-7 6.220656544457271E7 2.4496491863008594E12 1.1287821655263848E12 0.0 1.2966538390674391E8 1.7485338981405563E10 564.8528910905059 1.4425097194371086E8 0.011800408775487086 28.698146167174055 
6.259362109294705E-4 1.222656340742458E-5 1.7423592479416943E-4 2.2781513267763393E-4 1.0909759044365667E-4 2.456637822696677E-4 2.53353349979205E-4 4.4495619037046206E-4 0.374066348602084 1.41683335047494E-6 2.0740290139104528E-4 0.01739588615087696 0.01156746527563857 0.0014834607477357494 4.994013534452402E-4 
1.4692709261103503E-13 2.000443755596681E-9 7.970750487491247E-6 23126.655405291836 2.6475507020550695 1.3907548564054836E12 6692660.129378586 2.5890852984910998E8 0.0 1.3966509393048055E7 474219.07705203746 86.64096195101475 6.11113274476271E11 85.49137582073416 4658.752415871426 
1.0255136728166559E-19 4.523983893652102E-16 5.691892225556284E-14 7.189115379377761E-6 72.41197274180584 1.297362740359447E12 6513480.925744244 1377533.2287331168 0.0 249806.00935609097 3.726736846121012E11 2.182507214987546E8 3.558609002131472E12 5.485331762392447E8 53476.005295892406 
1.8015977090776686E-14 2.908657486270729E-15 4.8403039278150086E-14 1.5100186614172859E-13 1.5407717373133308E-6 3.727574617820658E-7 1.5364299344769998E-8 0.8871564689494864 1.857020065899311E-14 1.700397934252392E-4 2.220354331042679E-7 0.0031948570851252998 0.002152594391333688 8.316592101263329E-10 6.566530394207717E-10 
4.1195174396875616E-22 3.2957346434333486E-18 3.2717227781137546E-16 1.3211101061938648E-8 0.19099024730143968 890.4848480580852 0.3033177914321718 0.024372004676009584 0.0 0.0018934227643505968 5.479867397982672E12 1.329560773536835E8 2.056248825074571E12 46.19188367633126 5086.6071446401065 
7.158025544070053E-21 6.385701128079453E-16 3.1987884789016242E-12 1.897159253425447E-12 1.768931292438464E-7 506.24570190672677 2.2079978417575367E10 93260.53243010973 0.0 109269.87359666225 1.3828650302018814E7 1507.4618431506244 141160.54074095932 1.396080299901721E-9 0.02308151826713874 
4.650976228517105E-21 7.080730590579962E-11 1.334692440461682E-7 5.938234114064568 3241619.5358059076 8.22728206382604E12 3.8757865078405294E9 1.1687955491226909E8 0.0 8719296.58829965 7905002.062470423 1.5267997582513308E10 2.3681777035598405E7 1.1069049250829486E-8 17.65231521205652 
4.00831365825523E-26 6.0228713322159E-29 4.976048313024663E-27 1.791850676763459E-27 2.311318490470213E-28 2.4022188224277326E-25 2.4279678035902045E-25 1.0287018570804326E-24 3.04520730129205E-26 1.8045020474513464E-24 2.0671264739466498E-19 5.268617395258818E-20 1.0684310077051637 5.833465563843894E-16 2.412999323315696E-18 
1.6258705639474275E-19 8.701563619740428E-11 2.9637138047291584E-4 2792097.0638289214 8.750744986056404E7 1.970123292275906E12 9381970.698511973 102925.98139705016 0.0 202105.27438601424 2.6982124336309946E12 15988.820905938475 3.0330697743730213E7 10404.706593041774 1216.4797382195109 
2.912381723703957E12 4.451661544286932E10 2.8045667036773837E8 1113663.7532275799 7042284.670228463 10823.79505486549 1388611.7265918383 1762855.6586422063 0.0 2.836305371910246E-10 4277742.722843208 7.995947581669339E-5 2.590609716358362E7 0.022297147293392366 35.75866590454571 
3.370941597637563E-14 1.8802565240467142E-11 1.4417548665157348E-9 0.00854622125414645 65.8282657717101 2578178.0421325383 1.330789426813769E12 3.3859569054346173E11 0.0 1.846759615675132E12 47947.29298394693 57803.78614525983 4.283164400521949E7 1.3930229330802142 6.565113532832863 
1.0462589843993199E-22 8.376408297311551E-16 3.308675718536945E-13 17997.456529968942 31.349678196123207 3.161439148430738E12 89.19732790915977 1.5975389519484343E12 0.0 1272579.9957100446 3.371929681272701E7 102934.52659375222 2.0227148931796652E8 3.050767861569535 9721.746523375708 
4.293715729377548E-22 2.6762602042968622E-14 3.801460459272465E-12 0.019471965475747626 7.592550178989266E-6 4.6643274568958914E8 4.688633962850259E12 2205071.5470073894 0.0 2.287342396165247E12 3.0160362891976637E8 470150.0424427567 1353639.361750012 2.8696961532667513E9 27237.25814315615 
1.910232468342928E-25 1.1906421985516636E-17 3.16509400821959E-15 1.735515992991234E-5 5.823488877542801E-9 7172534.732883649 2.828529946824902E11 6.241772715566837E11 0.0 9.381304373632539E11 1.2501767137364422E10 196693.31842477908 3000135.134783432 1.2015520198614388E9 17624.496467601046 
1.171603410203427E-5 0.00988074104135337 0.6547177580174216 1.3896627799788663E8 5.759600146470979E12 8.047818356453362E9 39357.54782864274 19852.526248021368 0.0 30.554606628140824 2.322042056799257E7 8.836676058899612E9 2.3843199925465484E9 8.369760016670866E-8 18.985529033003317 
2.240098796290478E-22 2.760497690629664E-17 4.1053154632340404E-15 4.5146068737850133E-7 0.011816812478014173 2.1420544570102736E8 1087.676709686586 1.3602779796795789E12 0.0 266797.8364218588 5.0262047109091187E11 9676.845351654783 4.0667624477880654E12 18.15566076851701 46.74134883493249 
5.2961346381050555E-20 3.2212002778000516E-13 8.612762906642021E-11 4328265.932661818 6.624297004595041E12 1.6232139543288887E8 1.4784085997222591E7 8.290666652014029E7 0.0 162304.17680233376 1.5992909581617136E7 12215.92300476334 2.308289992895007E7 43.15766693005963 5.610877442485503 
7.536460792346559E-17 4.592552627174636E-10 3.185963918563277E-13 14746.612581735304 25.687058697365945 1.1425503287007456E12 55818.10156670449 2.1656751586712197E12 0.0 33.84286836693194 2.350572284155132E7 68525.0793180714 1.4100278579453966E8 3851679.064648113 8123.134560068665 
4.6640926680853295E-25 3.6731565621909457E-20 4.835804861731129E-18 3.526550684370659E-11 2.743697268709446E-14 0.07112127877955796 2.033852710592686E7 95.08119719350024 0.0 1.5108016965110283E12 1.160804443784102E12 3.0703138450050396E8 9.032866351956259E10 1458852.7339659268 0.008128187618658788 
4.563937140899867E-7 1.3762291387674802E-4 1.658189926012865E-8 7.223170500496102E-10 0.14488868805679259 9.460064276531822E10 5.378586895803048E7 6.038160071222471E9 0.0 3.1855884273287706E9 2.7170984869432382E11 1.681743997251309E9 5.825061848088529E9 0.0014063139302265537 89.42151368405257 
1.3127717542935509E-13 3.1394461917528894E-10 7.773676459870797E-7 4.6682045407557964E-7 1.2559753883746446E-8 41982.4112702683 1.8324250884068802E11 774478.949449504 0.0 2012059.0672839524 1.1516901804911409E11 38189.32106013696 5556558.133985984 0.7964127817425866 67.02786326648656 
9.24885199390104E-6 1.7667167076910422E-6 2.2096024730302482E-5 8.590655074154993E-7 3.9726070603379756E-5 1.221730196903665E-5 1.6720142260263624E-5 0.0740440551463974 2.762657429688854E-5 0.4667478663430266 0.0024503435831085938 2.2404983649948917E-7 2.1663476409189112E-6 6.141988804106506E-4 2.223164613987483E-11 
3.4954879734376055E-19 1.0583981380962458E-14 6.319733262765417E-8 6.972746416417766 155.3857623948134 2.207974725275423E12 8.77985133917781E9 3031.658620141376 0.0 2.8256613499583937E7 3760627.1480131433 53328.91747603572 1.3031815214000886E12 5.495716489768646E-6 267.70920995103984 
1.3551179775680618E-9 7.308964551887005E-7 2.818296348791961E-9 263.64399193728605 0.14851530678756747 2.624536515929529E12 9.546905164789231E7 6.449660071611186E12 0.0 1.0896225697967838E7 3.941544918159421E9 1.2359746300162318E9 5.988755973594423E7 0.4995382966617952 101.6533969610335 
4.082354179496685E-16 7.515507419035276E-6 5.711202487614991E-4 2.932189776688645E-5 10.89466000567554 2.8280438201727737E7 9.870041397917402E12 3.4011372413375705E7 0.0 17465.81220146905 10176.059953049475 1.7950962655162918E10 5.510973684984732E8 1.9393475851328839 9885.123032621246 
3.364655694993383E-19 8.972882634848865E-14 5.870561618962227E-12 3.8385847869581877E-4 66889.8583024722 1.5614169332771351E9 756523.8710976726 1664155.1962347003 0.0 9.064439976272607E12 0.002983434511981082 57957.740609136345 7.649401944214014E8 1.1091823237526097E-8 6.244364355671657 
1.1140774794239152E-15 4.567618396968696E-9 1.0698028620317492E-6 1.4100852702512348 4.104609736667926E-4 9.265215199674741E11 4.0544074910059325E7 68019.21763736161 0.0 9.063060458372535E11 3.96886495563003E12 8100.500726667394 5.234050782422092E9 279.79560133600853 134.62268479970436 
4.2314326105303634E-33 1.2466096928001771E-28 2.629726951716028E-20 7.221230020486106E-12 1.6271407936965718E-10 1.6474856473799353 331189.2340241087 1.2512118639813496 0.0 4.1149706512304077E12 6163241.317185989 5091954.433698794 2.1398909656309382E12 9.024248635362902E-6 9426.190046494768 
2.241192985590177E-8 0.002619786643837751 0.16317785430627343 1223502.431508962 5.572587658839219E11 6.990532532851316E8 3998.034408490951 1.1641705605373882E12 0.0 16.76381674541577 1.2796554760624228E7 7.654773640868128E9 1.332543864495686E9 0.3002578849697073 220.4849679179076 
0.022629247841827824 1.503481783488282E-4 0.027999975685258933 0.0011371173227823204 0.05258411920771944 0.014869006826785132 0.0022420854737850125 9.92480095554143E-4 9.842442705405041E-6 0.03158347225775787 0.0010766239228476517 1.0229431118889435E-7 7.925489006759811E-6 0.001873769587463489 6.454413760768809E-5 
7.914531645261763E-35 1.098639277536986E-28 8.759648897206108E-23 9.546549942745267E-18 3.9488995339741906E-13 0.027749129535282996 997.1173403890463 9.881271790374671E7 0.0 22.337112866565384 9.061859625141764E12 105695.66396863974 1.847142709371333E7 0.00945372333835806 25.24361978935839 
1.3383946984027523E-16 1.1951347619988383E-10 3.493924197135427E-8 0.9068775689688601 3.0428567551089777E-4 5.8670066623750824E10 33109.69900060107 1.5095818603924304E12 0.0 4536217.07406249 2.3612242645187085E12 2888.156141355905 7.00422828056282E8 184.2734233952336 6.375564482779897 
1.2323896343626427E-7 5.663049447486801E-4 0.06863203928151052 7.81674386418994E7 8167.121585167919 1.7333842388113342E11 848965.3324975008 6.739823646681992E11 0.0 6448.125621282394 478554.5752816001 20.5533177763888 6.825546304298445E11 27.449397235299653 5151.5046126278385 
3.0551129600108016E7 3.152617957698063E12 2.4195745513896412E8 960787.4444852183 6075566.949213224 7.23639754681046E7 1536041.0103192236 1535343.1568985742 0.0 2.4702544546336595E-10 3725661.2498544967 6.963998068844383E-5 2.2562680504819762E7 0.019419498327864933 33.812623342430264 
1.0253669747649145E-12 1.8067169050539822E-8 5.4219332174240825E-6 18644.44031942115 34.98033009558968 1.0864458980904667E12 5323912.506153601 400737.7990937041 0.0 2.147619225479042E11 1.6848119053719895E12 6742.261875982397 6960807.581189388 61.17483908075069 25813.467597615225 
1.8935230097440746E-20 8.802438417218611E-17 1.0705105727477985E-14 0.0011546249916936804 1631.6702888788989 1696468.3761827643 6.705391067779508E11 1.5675571980794934E12 0.0 28543.550641172977 106663.1568436059 1.8198808686928093E8 1.9971784765687222E12 0.011689954530680636 20.845642597695335 
1.8015977090776686E-14 2.908657486270729E-15 4.8403039278150086E-14 1.5100186614172859E-13 1.5407717373133308E-6 3.727574617820658E-7 1.5364299344769998E-8 0.8871564689494864 1.857020065899311E-14 1.700397934252392E-4 2.220354331042679E-7 0.0031948570851252998 0.002152594391333688 8.316592101263329E-10 6.566530394207717E-10 
1.3903341483175138E-23 9.771570107886E-18 1.6601522734612722E-20 9.766878614313346E-7 0.16934326780432546 639662.9427612206 3.840028506663909E12 3.25418795626072E12 0.0 2.4367170985694468E7 3.646962084582102E9 146.17349693092024 3.5345955804245085E7 2.3343257552609434E9 100.6044123472938 
2.1788237049850203E-24 4.9570077846942415E-15 9.895277255222382E-13 4458.285632042382 6.501916450544183E9 720415.590932409 2.5273311106748682E8 1.871324977696147E10 0.0 97572.20507963031 2.451210912577246E10 1.0613144012447353E7 215563.30106499768 6699793.968023083 155.89441189184248 
2.912381723703957E12 4.451661544286932E10 2.8045667036773837E8 1113663.7532275799 7042284.670228463 10823.79505486549 1388611.7265918383 1762855.6586422063 0.0 2.836305371910246E-10 4277742.722843208 7.995947581669339E-5 2.590609716358362E7 0.022297147293392366 35.75866590454571 
0.13380192897371895 2.6065239466860498E11 2.0681090214295782E7 1.2026791742888074E8 4.5680990881262146E7 6996566.422146331 387284.4350780773 44.38640509009483 0.0 2.164426704497699E-11 4125677.8766645007 6.347304913693305E-8 1962967.1725212557 2.5561909190847473E-8 0.00494822568989842 
1.2372841289677414 40742.56471522715 3.141881137475227 2.800192334601016E12 270785.85998081334 3.54660518517802E8 7855350.631988417 1347860.734646223 0.0 152.731324316085 3270764.344896368 6.325203836329083E-7 1.9807815408090383E7 0.01704841045432963 110.05296451088577 
9.71966612398316E-7 1893436.2680923268 150.23198357806402 0.42613915409788056 2.584465908885173E11 2.920462094280439E7 564771.6840784139 39.121876509426215 0.0 2.00468586762987E-11 0.005402924915177202 5.834560796477892E-8 1795021.608168506 1.618919685496864E-4 0.004744123441610404 
5.361352971645303E-12 2.413287695910082E-8 4.81816448781012E-5 20.245557701849396 131732.709427039 4.3865764346172812E12 117445.10468387877 1.5074933294498762E7 0.0 72658.51150272255 1.4874068395332855E8 6074.701407080921 1.1348435642175032E7 64.58817643926267 0.29560306954851895 
7.158025544070053E-21 6.385701128079453E-16 3.1987884789016242E-12 1.897159253425447E-12 1.768931292438464E-7 506.24570190672677 2.2079978417575367E10 93260.53243010973 0.0 109269.87359666225 1.3828650302018814E7 1507.4618431506244 141160.54074095932 1.396080299901721E-9 0.02308151826713874 
6.591155151595838E-11 0.051709803797941566 4.29090985932391E-6 1.2747079195830653E-7 3265.3017239252335 1.8258428061576113E7 142.2536934341122 2.0008904034175674E12 0.0 8.019865682038175E-12 0.010010165594348888 370.2980816382587 175547.59603495666 8414913.38343599 0.012573649295872714 
1.8734184725856028E-10 1.7872513404867308E-9 1.1325206636656645E-8 0.005273576360050534 0.10338764904580638 0.013097259366963435 1.1802170986562222E-6 0.04425016552587189 1.1944236628735501E-11 0.013005269810925618 7.69137643988191E-8 7.951797480170961E-13 0.011035289801314662 0.022308027310222103 4.637416058329963E-10 
1.3467893081115361E-18 4.376298081869365E-13 3.298064866507588E-11 0.002129204495950278 2.318976633301827E-8 12.571718258491025 9.42207089230676E8 982801.4311644417 0.0 1.1910980018651506E13 7.538736358340734E7 665.8871891433415 8.461209687772772E7 0.06274682050088044 0.03872227756947343 
8.091791676981934E-20 1.2111405146523547E-7 4.068242495858408E-12 9.945494677325697E-11 0.0032905893291454045 62035.84739372453 0.860890248251044 28765.733071564184 0.0 1.1088050541567667E-4 2.994691570524488E12 1.2798026260637299E-4 2.021258196834109E7 546.3729408255514 4.067257221039369 
3.093915134534301E-78 1.4832237578504228E-73 8.158078049582505E-84 1.6958159158919035E-73 7.488741750420397E-68 3.445880300083474E-73 9.340007951818062E-68 7.160595005922645E-67 1.0125269791964192E-70 1.3519997778084529E-64 6.906961992063848E-66 17.517231725099887 0.0 0.0 0.0 
2.2475678724291422E-26 3.428107710775257E-27 5.000028097316234E-27 4.7385093822673114E-26 5.5431048786897745E-28 6.45185219183432E-25 3.9593522502563133E-25 2.3091303166179057E-24 1.2678704885721427E-25 5.143443145203221E-31 2.0438537543079546E-19 5.2093007268939096E-20 1.0564020894899477 5.767789558867706E-16 2.6102790780431034E-17 
1.3355336812902904E-75 3.0565085270519225E-76 1.1555974555381655E-74 4.577014573277486E-74 1.5074503622191595E-67 1.6872018913315237E-71 5.405058998351165E-68 3.363403499956635E-70 6.574950570995398E-74 8.679534505052847E-66 9.198727954005266E-72 1.3845027770754276E-69 2.1881543940544797E-68 1.0153662648388695 0.0 
7.704807456047866E-67 0.05480729472066274 0.035729575999706796 3.230291314683481E-4 1.0365878254098374E-8 0.01612615124370171 0.0017065151389288463 0.002302580319620055 0.0 0.017524312043761252 0.027065540926709604 1.3292637689228243E-5 0.008859486145727902 0.003394045305675085 6.618104876044469E-8 
8.201496994648575E-4 1.3815952910761298E-8 0.008582441500329678 0.012580466181842439 0.0 0.006910877254055135 0.016354189940472667 6.04259027521369E-8 1.6011056865405962E-21 0.01759266357836717 0.04319327717105314 1.3745598124153353E-4 0.0710492900248489 0.003423998666724144 0.0 
2.097441272174594E-29 2.2051995149393945E-21 5.900483560996706E-19 2.9999912008702747E-12 1.5674352608286766E-7 71892.21217580278 0.575133436746904 1.067024123900398 0.0 1.6459438908536E-5 1.3218763481310522E12 17095.21793495304 1.2377482207325977E12 486.7245273106122 236.91174618437637 
4.988060308815694E-18 4.3012275316595505E-13 2.0750702126839324E-15 1.1559142515860087E-4 26.117413668142486 221112.1174987357 1.9376059945021217E9 7.135717100645382E11 0.0 6.085172548462417E11 1.7075394562016706E9 170353.12450603704 1.1714256115880615E12 185.7175088705542 113.24836916940224 
1.668365962300953E-7 0.0952324771756351 1.941561996610663E-9 0.08355566120872257 6363430.792998123 480.5748964640385 6.423609576218354E9 1.4609944938426237E10 0.0 1.710750732440167E10 5.749153948158527E9 2.005324371599346E7 3.462460611860589E8 5.641591984787115 0.001442606065502544 
4.0186609287836204E-19 3.2371694560809096E-14 4.369846264933179E-12 1.0302349088977631E-7 8.122626666496176E-11 2.0911670186977798 1675596.3146909594 673052.0442704228 0.0 3.3121650202854407E11 2.5448580597788162E11 0.018792156182164378 2.1551825922404945E10 6.313057738619812 0.003797503609110519 
6.851882012592971E-4 9.364685505824679E-9 0.007163520531986496 0.010500836648332451 0.0 4.600758771238907E-7 0.007874489375540443 0.09133097644777553 1.3154816660545551E-14 0.0055613899729397365 0.0607212026736879 2.2911575559851947E-4 0.018161457901496512 0.0035039154971625765 0.0 
1.8935230097440746E-20 8.802438417218611E-17 1.0705105727477985E-14 0.0011546249916936804 1631.6702888788989 1696468.3761827643 6.705391067779508E11 1.5675571980794934E12 0.0 28543.550641172977 106663.1568436059 1.8198808686928093E8 1.9971784765687222E12 0.011689954530680636 20.845642597695335 
1.330539633380443E-6 4.6159061310229523E-4 4.3123682729120564E-4 4.82364398190864E-8 6.068848327137077E-9 3.1014811778543676E-5 9.733174680013541E-5 0.6549058318260043 0.0 0.008473831517986778 2.171532491142703E-13 8.237795830809518E-4 0.0014197103632539497 2.7595209750097424E-4 2.8286705046544398E-11 
1.444478299985374E-14 4.5001014039974595E-12 8.138262719360102E-9 5.825075845436471E-4 10441.22815668345 0.7885356663070475 1.0539970553078402E7 1.0441151663178585E10 0.0 11.641236482903404 1.3317416408111849E10 2623981.405982004 9.974171678058924E7 1.687620882006196 9.818053392664703 
5.130304565580893E-16 2.928443899514213E-10 1.4443119320441733E-15 5.449179507602596E-4 1844.8644693287367 271.9205152348121 1.4054801973573755E7 1.3497382178682547E10 0.0 5.518461936621615E9 177.30975440173327 1932927.6257106722 1.2793052572608595E9 1.6098256571281775 2.7000153792338906 
2.328324684477663E-16 2.4521747930809896E-12 3.0281834330219904E-10 0.0024848300519524557 72.0997876520855 7342662.242992085 2.617026066819091E12 4.788481631283945E10 0.0 369231.4520586873 746948.5130033277 149.21529686415397 1.6019752759607097E12 0.0015923180689568946 28.932412868484025 
4.082354179496685E-16 7.515507419035276E-6 5.711202487614991E-4 2.932189776688645E-5 10.89466000567554 2.8280438201727737E7 9.870041397917402E12 3.4011372413375705E7 0.0 17465.81220146905 10176.059953049475 1.7950962655162918E10 5.510973684984732E8 1.9393475851328839 9885.123032621246 
5.4726774717027105E-12 1.607247160929984E-9 9.939846275827502E-14 1.0535733748945317E-9 1.0200531827217487E-5 156144.2395210484 9.773918368108067E10 413745.8068875321 0.0 1067252.6843090444 6.152469441511878E10 116.13189778150719 2966988.512029976 0.4252538203121496 48.65454791741166 
3.707765773159859E-18 8.210087099385694E-13 2.011053493319069E-10 9.679294083665604E-11 7.405939697196145E-5 2149.01933149849 1.7926949199135897E9 1.0960874389319003E9 0.0 1.0039086965953643E9 6.184283502985167 590226.9693174873 324479.76269111375 0.0427005298472749 7.141619656517447E-12 
1.5538503487560418E-14 2.1369894489014858E-10 1.7246291791759637E-11 8.514346789236645E-10 0.01644986047193172 3260.585655301748 4.774515466968149E9 3.9985094078988466E9 0.0 4.001348895167971E8 2.4647805127807468E8 3.96766668903612E-4 5.047353399764346E7 21.237103985217022 1.2936571427854394E-6 
8.410785074611348E-14 4.018139971081115E-11 1.0345823573109631E-8 1.2009484197625138 49386.67792735756 2.3402276833890806E12 1.2479412088945007E7 7.071740889779729E7 0.0 4.540168942095653 11909.030279535296 20559.982019132283 2.7376367676668994E12 322.82092068923345 25.028578180835368 
1.148611305787906E-20 4.113657234646638E-17 8.015271774392931E-14 3.566106980251938E-6 428575.5809534169 1.0847990163167144E12 5.110374676036997E8 6505058.091901455 0.0 3.145578374802806E9 7.992471489034214E8 2.4117890330605726E9 276863.0910983658 59.080588898868264 6.891096878519152 
4.852312608196521E-12 4.368238923050039E-14 1.0950658714328861E-9 6.23281829568574E-18 0.03269867099047264 8.032246602268886E10 19120.781922606533 375135.6616933338 0.0 7.209424129317524E-7 5.9873938769554985E10 0.006114240513161775 4.346675319303375E9 8.590206648998338 0.0010513028886101664 
1.4524893403856572E-9 6.802147616323293E-4 3.9292247306043534E-8 2.67241466803073E-8 1.1986914682839755 7.693461270359669E11 3.94895213191247E8 25118.511317109504 0.0 3.4371076838526E11 95258.57672094821 5787.5799290253435 52941.45928494998 0.0015875731290786723 17.18986472614757 
8.618208390210667E-11 4.0500657874372195E-5 1.8499883491684505E-5 2.7170888385924866E-4 5249.46110266394 1.0405144529107711E9 1.582981618796558E7 1.1021941853186233E9 0.0 35154.79944710849 5.155316546738055E7 8.298742069675247E-5 1.1106047682363627E7 4.451190839594403 5.922562483679265E-7 
1.171603410203427E-5 0.00988074104135337 0.6547177580174216 1.3896627799788663E8 5.759600146470979E12 8.047818356453362E9 39357.54782864274 19852.526248021368 0.0 30.554606628140824 2.322042056799257E7 8.836676058899612E9 2.3843199925465484E9 8.369760016670866E-8 18.985529033003317 
5.855205456595966E-19 2.413042423525617E-14 2.558976196251766E-12 12113.866939661193 1.766673498185092E10 88798.4876796548 278.9788411810148 3.782342946440503E10 0.0 191103.84878018766 4.80091476033784E10 2.078678724931791E7 5.8772491810339306E-5 1.3091301139439514E7 7.860509451071537E-4 
6.728011275349841E-8 5.674081908270886E-5 0.0037597607003791024 797499.0828404943 3.629878061871361E11 5.176828367407263E8 2616.043855317027 1.3352529219346948E12 0.0 15.497537000123884 1.182994802965242E7 2.222525000718173E8 1.1423503916657035E9 4.010031649728432E-8 204.14454341111738 
1.8245155904184987E-4 0.0010580059177002776 0.033357873608608146 0.0013668362112860123 0.004456124438176033 1.2255875002276269E-7 0.02331515477773452 0.010385839139752889 2.0940410878611263E-14 4.588700209892377E-4 0.005515917873577745 0.0 0.08621466967998925 0.018459046162141453 0.0 
0.002498922293168152 8540.544065243754 4.921058929085393E11 872.7171713416152 8.051246443277197E7 6.325282050379694E8 3.1582575425042567E9 1.917917195376526E12 0.0 3.5687846646411253E-10 1.6924292510867577E7 28.924765766072557 2.706198180696603E7 7.558457741251937E-12 0.0020023670362604804 
4.3931977055349776E-67 0.03125052543972346 0.010124698182609542 0.010508588585751294 0.0 0.018294039799439017 0.0012661564884345843 1.2192152241317319E-9 0.0 0.02679535459881767 0.005382933520975734 1.0021553002730775E-5 0.06927540223557818 2.931074522305658E-5 0.0 
0.0273898775334745 5.335675818382432E10 5.004292708704767 7.141280696689314E10 4.0975343148870654E7 6275842.6312706815 347389.85117002117 39.81411402477801 0.0 1.9414667945338158E-11 3669685.009616379 5.69328183280142E-8 77.5455609361968 2.1500482560147806E-18 2.8488384975044716E-6 
4142122.2262133057 3.069096647139737E11 9.719592136928911E10 3.491570231193637E8 1.816024869012287E8 1.9823313024000477E7 8.105532050554134E9 2.3177471801465256E10 0.0 1.1581016556290775E10 4.252673202431079E10 14920.250350695262 1.243063897794747E7 2.210571838656492E-19 0.004665357144390221 
1.0255136728166559E-19 4.523983893652102E-16 5.691892225556284E-14 7.189115379377761E-6 72.41197274180584 1.297362740359447E12 6513480.925744244 1377533.2287331168 0.0 249806.00935609097 3.726736846121012E11 2.182507214987546E8 3.558609002131472E12 5.485331762392447E8 53476.005295892406 
1.910232468342928E-25 1.1906421985516636E-17 3.16509400821959E-15 1.735515992991234E-5 5.823488877542801E-9 7172534.732883649 2.828529946824902E11 6.241772715566837E11 0.0 9.381304373632539E11 1.2501767137364422E10 196693.31842477908 3000135.134783432 1.2015520198614388E9 17624.496467601046 
0.05487655475372277 0.014486835776022175 4.5064035667244285E-5 0.06059392948237003 8.251260032419154E-4 3.2662867477360676E-4 1.1221751087632818E-4 0.06496546599396041 6.638242005040273E-12 5.1253808949879914E-5 1.8454153800530614E-6 6.458304924313308E-6 0.006455833968081217 0.0016879572894344418 1.2391991072678837E-6 
1.2323896343626427E-7 5.663049447486801E-4 0.06863203928151052 7.81674386418994E7 8167.121585167919 1.7333842388113342E11 848965.3324975008 6.739823646681992E11 0.0 6448.125621282394 478554.5752816001 20.5533177763888 6.825546304298445E11 27.449397235299653 5151.5046126278385 
2.8268093020156407E-26 1.7664582860063606E-18 4.647220905683121E-16 2.8131232042264108E-6 3.083013189032662E-10 1144751.5101633272 1.9381338544233782E12 4.614678091006138E7 0.0 1.0480732332204279E12 4814477.323626492 197500.73717663015 3052830.1218918995 1.4842583644317272E9 17804.29535765651 
1.5589050496026907E-9 4.143675997416099E-4 0.11761261481013863 3.9988182802453125E8 41779.42715704979 8.867236735169452E11 4342935.867681294 4.236903093717639E11 0.0 570.8907925401668 808991.1841931251 82.68447225548988 1.0319175352953807E8 16.868938248733716 4038.4207170619134 
2.0521418466498014E-5 3.0932588221658937 0.49490634203090034 0.27839725854589953 2.2190337135025413E-6 0.5372871200610058 8.115141559759309E-5 5.205333950341434E-4 4.3339513820495523E-19 1.8367343544337118 0.03623852185563855 1.6069284388555203E-11 1.5429332644430682 0.03167576446009485 0.0 
5.252474477120374E-25 5.008002691564281E-21 5.907833363952726E-27 2.907843624632278E-12 7.143508676412676E-6 2.017875918046103 2.170055065572415E12 5.609580864440055E11 0.0 1.6688515239399597E8 4.283203575350777E7 1.4258306946763098E8 3.9723772858357E11 59333.2262646457 41.910921101461746 
6.132278745976157E-31 6.676281599896612E-26 1.9544669179213563E-23 1.4224283195140013E-12 0.0674061400590869 0.12162934517385325 3.454027559584799E8 6.992361852774171E11 0.0 394840.67739087465 1.8229594211395075E9 1.729250735507861E8 2.4862065054254428E11 4.897823543233861E9 18.47087128808416 
4.399876909366421E-21 2.73876318837701E-15 1.1870054125676606E-8 0.001070926808263804 28074.734271907844 8.064362551882493E11 652561.9860709447 3.445969426411546E11 0.0 1.596294138351536E12 3.796407226989398E7 95920.64113748357 1.91484857482361E7 330.1443773268144 11.357344018717763 
3.044006570036275E-27 1.2110848282626146E-20 2.7871356794981364E-12 0.026232465083821745 0.7326297331059817 5.273387667142382E11 1.2001745031189258E8 1747310.1394945856 0.0 5.888621581435997E11 3.0408108756158955E12 2743.278534822546 3.418013648658846E7 7.041624877844556E-6 91.42965052767923 
1.8015977090776686E-14 2.908657486270729E-15 4.8403039278150086E-14 1.5100186614172859E-13 1.5407717373133308E-6 3.727574617820658E-7 1.5364299344769998E-8 0.8871564689494864 1.857020065899311E-14 1.700397934252392E-4 2.220354331042679E-7 0.0031948570851252998 0.002152594391333688 8.316592101263329E-10 6.566530394207717E-10 
2.240098796290478E-22 2.760497690629664E-17 4.1053154632340404E-15 4.5146068737850133E-7 0.011816812478014173 2.1420544570102736E8 1087.676709686586 1.3602779796795789E12 0.0 266797.8364218588 5.0262047109091187E11 9676.845351654783 4.0667624477880654E12 18.15566076851701 46.74134883493249 
1.2286946845839704E-10 3.1785404895119594E-6 5.740070203248907E-4 2758.425385807837 1.8153595645410552 7.147546102520734E11 3.1702473293886207E7 6.936955201354138E11 0.0 4.280577339937098E-6 1.5635074999891543E8 95.43457743335188 2.8604718771371365E8 16.03105089231829 15655.740249210903 
5.847084582349313E11 6.996525931888711E9 5.542221510424771E7 76124.37730197294 1.471368946015646E7 63.25815661847259 4.714181589244907E9 7.703050639059094E11 0.0 2.4569823007351357E-10 1.5255173313854424E7 1.249545217432771E-4 1.9147643612399715E8 1.398047344812431E-17 0.04070120304515376 
3.0551129600108016E7 3.152617957698063E12 2.4195745513896412E8 960787.4444852183 6075566.949213224 7.23639754681046E7 1536041.0103192236 1535343.1568985742 0.0 2.4702544546336595E-10 3725661.2498544967 6.963998068844383E-5 2.2562680504819762E7 0.019419498327864933 33.812623342430264 
140649.81271946945 1.3946975069748508E10 2.0251243052932954E12 1.101791792305124E9 4.055720607054356E8 6.225697208377496E7 2.5456182928884346E10 45782.380961858194 0.0 2.339597052337904E-10 4.23035542169257E7 4.9379089669416745 1.8233991022992395E7 3.2425965498032503E-19 0.005650397970397467 
2.1222354861213257 69883.15344058201 5.194537895936431 4.801478689838786E12 306088.02984725864 6.080638833338408E8 1.3467963759253513E7 2310901.241354406 0.0 258.8336749275233 6.747925559712814E7 1.0901617495572319E-6 3.413917283766575E7 1.0719666193967964E-11 144.4807274154041 
2.057318972167388E-19 1.2512968225898507E-12 1.315060239785646E-10 1.380213954030001E7 6.429470290022721E12 1.5775423867575002E8 1.4368113487374054E7 8.057396268156435E7 0.0 157737.50451727997 1.5542925000920309E7 11872.209625839365 2.2433427799267404E7 21.316765829394285 5.531375014131109 
1.9213031260338668E-10 8.64829683606562E-7 6.769307459721667E-5 33.791814577433435 219874.76740810074 7.321624807341595E12 196027.35864087148 2.5161537071826193E7 0.0 1.4202688670529854E7 2.4888932643752778E8 5.69440579117322E-4 3567032.001194512 107.87311990411365 0.3820225927380062 
7.595360588605431E-5 0.18164030264133213 355.5660244823876 214.5938745782626 5.773625011782718 348917.1436361678 1.716072639517326E12 1.1140559934424592E7 0.0 1.9621293849961713E7 168649.97098350158 109071.0057901063 1.5550412268109672E7 1.3646284106062792E-5 0.6073388929747792 
1.122819532556996E-16 1.0163301432310723E-12 1.823042224162202E-10 0.06264988682951751 672.1074522163267 1.6998615056541854E8 666.8898615476785 1.449548841991917E13 0.0 2.0824687361233305E7 1.2478632829260532E7 5458.662577223376 1.4932149243781245E9 253.96402802923944 0.6466599375128403 
0.0018407559119436173 4.859101515980122E-4 0.006022539947420845 1.5712459150638548E-4 0.3207367221238667 0.005395617396993585 0.002842752206499655 8.380086369938628E-4 2.3605902569867692E-7 0.002491700446780823 3.8362680712827516E-4 2.5636710711617694E-8 0.001775989040151424 0.0010106599877838136 4.4920975905340954E-6 
1.9761226831776828E-23 6.421273064645414E-18 4.839198495298183E-16 3.1241481323244925E-8 3.3299799364514723E-13 12.458292734440983 9.098810482999859E8 952891.1130302417 0.0 1.1503770503726926E13 7.281003982766505E7 643.1220095476278 1.0278045574845619E9 2049.5416458586064 0.010152749753297191 
4.159222794416191E-23 2.1042314359497634E-17 1.48925136329765E-15 1.5137932633044706E-18 5.008571338455876E-11 9.442410952378725E-4 42860.965281403325 19723.927964162707 0.0 73904.88373930566 6.5225226370464375E12 379.89475715798864 2.915081441663456E7 1188.8855621113685 5.9996660003343845 
3.093915134534301E-78 1.4832237578504228E-73 8.158078049582505E-84 1.6958159158919035E-73 7.488741750420397E-68 3.445880300083474E-73 9.340007951818062E-68 7.160595005922645E-67 1.0125269791964192E-70 1.3519997778084529E-64 6.906961992063848E-66 17.517231725099887 0.0 0.0 0.0 
2.539921033909864E-30 3.874019996422229E-31 5.650408466102591E-31 5.354872614544105E-30 4.1595702281519204E-24 1.6097878392132046E-28 8.819872761944576E-25 5.437034189853521E-24 1.093670861427445E-26 1.90212264908047E-27 2.0381633173576057E-19 5.1645403185880905E-20 1.0565096983830484 5.768377086529986E-16 2.6104120208365417E-17 
2.180537064734245E-69 1.0572459213415646E-67 1.5259400280385977E-67 1.0292959709032357E-66 2.2877888787914288E-77 3.261926922032741E-67 1.1290600730359062E-72 6.5833928063523924E-71 1.2971831621955477E-67 5.6288372681424786E-67 4.498196581525083E-70 1.1362259602432176E-69 7.096263487837739E-68 1.0212694830965303 0.0 
1.0689304832011111E-11 3.486049822006129E-12 1.0111972362172508E-10 8.2611965317616E-11 6.884190497020229E-20 8.834235975445204E-10 4.0243135146320735E-17 0.6069199284663254 4.06412473076105E-10 0.013999174155622294 0.004234436616823649 4.107976604760586E-7 0.005254121472791831 7.267123283603429E-8 5.645776773513595E-4 
2.4410054506833992E-29 2.5664146630577863E-21 6.8669920465176315E-19 3.4913944769162567E-12 1.824183621269786E-7 83668.26957728242 0.669341198056013 6.100847389599581E-5 0.0 1.48074233401202 1.5395212459976455E12 19909.919148663812 1.2579316179155254E12 575.8352052117732 247.39397220349028 
2.062443101253649E-21 1.538124963189813E-18 2.160572558823385E-16 4.723011297609163E-8 3.6721399497834383E-11 0.2003031519047701 9116644.85419333 1669.8749494529654 0.0 6.927865241301888E11 5.322933364856695E11 0.03930647320594957 4.4542976701507034E10 643196.361935994 0.005490700880155801 
1.1564120112607996E-20 5.431059392636013E-17 6.34383166060253E-15 5.779975046214854E-5 0.31926911580346456 8060692.025352481 2.114786126015186E11 1.9798717286966802E12 0.0 6.01639503017047E7 671683.1934774923 3217.30666820483 3.5719410116231626E12 309.64917215574616 20.12101382369058 
1.3592354400952555E-6 4.715457581296576E-4 4.4053733088674136E-4 7.903299384415544E-12 6.138253279189087E-9 3.136950535603293E-5 9.844485835864888E-5 0.662395507857817 0.0 0.008570740492886154 2.1963667101415866E-13 5.356238370036345E-4 0.0014167282509406382 2.8616214868891016E-4 2.5837569243168902E-11 
1.2698077256570475E-29 6.4723621678967615E-24 2.250380466289648E-21 1.987342727093903E-16 9.525825296612554E-9 128.33457915241326 6.305592910806032E8 4.5749132333916736E11 0.0 6.3685567295673975 5.2466755515889056E11 25681.295634124668 8.468893280043463E8 267.58924092641956 5.5769115617025875 
2.1379196899651802E-18 1.2203520850854117E-12 1.9818754900326767E-9 0.003846056785685848 68514.66615112739 5.174320215452988 6.91626073916061E7 6.851416420567902E10 0.0 3.059034110611094E10 782.7579380561465 1.1988407817644784E7 4.054682301475838E8 6.606533831607177 5.567705558125731 
9.819801035541474E-22 2.973335686310922E-17 6.2712721798547675E-9 5.377011563122369 121.152441810617 1.5030189865597876E7 3.06042949986205E12 1.1561954603688024E7 0.0 80261.19882498753 4620933.378628295 57779.6858605116 1.8001433050939565E12 7.097709741226819E-6 8359.68249152202 
5.959464465763515E-28 5.476743397046051E-24 3.196385925050014E-21 8.449320435503758E-9 0.0010556639619403296 4.225351411833011E7 1.0901985840029288E12 2.0978174087925545E10 0.0 1832030.7818308834 9.174636443189275E11 6.170330040110854E7 5.709562478746442E9 1.940490255073582 0.039286155848702 
9.123409597663142E-8 0.04605527231321656 4.167433549708891 1.1256544065930394E-6 682691.4192348198 77.1445429058043 2.5123350557086218E11 37.04934727736217 0.0 1.5954250916057892E11 0.016496295598783663 44.39716248037574 3628894.957399329 4.938215263050483E-4 0.008285683454759439 
8.651652852490944E-15 1.2878642419968743E-10 5.962124268604799E-11 8.756607203396203E-10 0.016917911645961275 3353.359751871864 4.910365711628264E9 4.112279796768017E9 0.0 4.1152000765370053E8 2.5349114062737745E8 4.0805595038493573E-4 5.4609346862429336E7 21.886870240642285 1.3132982802894546E-6 
9.2079928497807E-19 5.07998217629318E-13 4.9291365165522406E-11 45.050010964843054 0.008155282688101138 1.368463062826543E12 4.5788933000700563E8 2.3940621033344048E8 0.0 2781419.4752530702 1.4472708026379385E12 10137.76505920101 2.0647806478746455E12 0.09081112940823881 215.94595802040558 
0.0028074922631136138 0.8465832328705998 2.455584036404501E-4 2.732666383548791E8 1590.0129361260535 2.66887318164769E12 2.1039789889222968E9 98808.19283791767 0.0 349.6218449862137 7.813050351816188E7 5.398284070225318E9 76080.3019575707 0.004959848608207357 0.44047329975084926 
4.750000210033187E-8 2.1301409519844205E-5 2.4577340668974347E-6 3.810477604054695E-5 0.2552790097237031 1.6406755747982007E11 8.421371189372586E7 5356.669325424071 0.0 347.1802150005112 2.0526362432564542E11 336.4019664954688 4470.03473272254 8.945740283513024E-4 28.085302631817417 
1.3595016972323996E-37 7.606671222194114E-31 1.849634517660924E-24 31.545064923464494 868.7643377423624 2.4473987429085825E12 1.1954895485699292E7 2.185013867033818E8 0.0 2.3796230457309116E12 2.094707592831144E7 6.632952173305244E8 3.2378782709246363E7 0.01268011085659639 7115.765774864748 
4.160245999444883E-28 2.5966406843447467E-7 1.1142362701899996E-4 2.9197152573387064E-4 5640.938734338069 1.448770957487653E9 2.2028800947446704E7 2.004248382067635E9 0.0 57542.58198946682 4.269135461276045E8 1.483495440831043E-8 2.212401882104773E7 4.766007153474535 9.970763947743434E-4 
8.403515932385232E-21 5.165032990197817E-14 5.428209047778719E-12 25696.449315070888 3.747542896790466E10 4152296.251530415 60786.13335319885 7.5727455725602E10 0.0 394848.2988408447 9.919386962110333E10 4.294852058788389E7 760118.6666210564 2.7108010611348707E7 313.58021079635654 
8.85903721657392E-10 1.8435745128076784E-4 35139.71028906708 1.7507259527365056E8 1.3847628647977424E12 2.0142310531807919E9 0.05230629269135566 4.654146038735616E12 0.0 388.35135845272924 4.255477003385712E7 17521.22494323658 5.038113210670229E9 25236.489041162706 0.0013598760370204695 
1.8718134473941316E-24 1.166695737413161E-16 3.074916580285917E-14 4.376840816819549E-5 1.4686806503406355E-8 1.8089092634323362E7 7.133536766646339E11 1.5478200477782446E12 0.0 2.342296137978901E12 3.1214039879213085E10 8450.915363407625 7488248.379366527 2.999038230356744E9 27844.308066390426 
4.136146056769216E-8 7.563637054162548E-11 6.757595201534631E-9 2.2092498612215452E-7 1.8453723731605106E-8 1.8558890522466389E-9 0.05381902251918276 0.05117997190731516 1.2546164635392694E-8 0.06435613932541649 0.008795973015383983 2.3191173404625212E-9 0.047577853899977963 2.827244357828354E-9 8.829600095438471E-4 
7.536460792346559E-17 4.592552627174636E-10 3.185963918563277E-13 14746.612581735304 25.687058697365945 1.1425503287007456E12 55818.10156670449 2.1656751586712197E12 0.0 33.84286836693194 2.350572284155132E7 68525.0793180714 1.4100278579453966E8 3851679.064648113 8123.134560068665 
4.293715729377548E-22 2.6762602042968622E-14 3.801460459272465E-12 0.019471965475747626 7.592550178989266E-6 4.6643274568958914E8 4.688633962850259E12 2205071.5470073894 0.0 2.287342396165247E12 3.0160362891976637E8 470150.0424427567 1353639.361750012 2.8696961532667513E9 27237.25814315615 
1.4692709261103503E-13 2.000443755596681E-9 7.970750487491247E-6 23126.655405291836 2.6475507020550695 1.3907548564054836E12 6692660.129378586 2.5890852984910998E8 0.0 1.3966509393048055E7 474219.07705203746 86.64096195101475 6.11113274476271E11 85.49137582073416 4658.752415871426 
1.3551179775680618E-9 7.308964551887005E-7 2.818296348791961E-9 263.64399193728605 0.14851530678756747 2.624536515929529E12 9.546905164789231E7 6.449660071611186E12 0.0 1.0896225697967838E7 3.941544918159421E9 1.2359746300162318E9 5.988755973594423E7 0.4995382966617952 101.6533969610335 
6.053003686050787E-42 2.0080420382874064E-36 6.064911900261399E-28 1.6653860906179985E-19 3.0096829550140574E-15 4.3697422756944766E-5 6.460766963992946 273911.19474467734 0.0 3.40801465744586E12 5104390.414076295 4217151.6678747395 1.772255598961713E12 7.473873868956189E-6 1517.6392049943756 
2.483013720265674E-24 1.0913052985104239E-17 2.3058489971002877E-22 4.002699657052234E-7 7.488020138865704E-10 276222.8443729375 7.90927824555806E11 43511.04750925045 0.0 7.732320369283815E11 3.847641560526373E12 7244.6049473044795 5.976877600776313E7 255.63659414916506 89.49017271791705 
2.2633492344696697E-9 1.9088001517558897E-6 1.2648093403425076E-4 16360.69726639085 1.0767363562497725E10 1.903212348685254E9 136.885064378329 7.411934889916225E10 0.0 0.860262002142271 656675.6238198659 2.4879788634606925E8 5.062569776417957E9 0.08322839756775013 3.6368339515929233 
1.0253669747649145E-12 1.8067169050539822E-8 5.4219332174240825E-6 18644.44031942115 34.98033009558968 1.0864458980904667E12 5323912.506153601 400737.7990937041 0.0 2.147619225479042E11 1.6848119053719895E12 6742.261875982397 6960807.581189388 61.17483908075069 25813.467597615225 
1.296415423043425E8 4.2689700800762783E12 3.292035409352848E8 1307232.4166620078 8266321.662714044 5.065325053451638E8 1.234408675780293E7 2118060.7493388713 0.0 3.4078042929556553E-10 5139682.828033018 9.939432534207607E-7 3.1126023760368347E7 0.026789891663733682 137.95748801504476 
0.18319448447748266 59348.268080271126 7258836.25002329 5.587849747663006E12 8.050538868672012E8 1.404139575541174E8 5.741370435517457E10 8239.959507555652 0.0 5.275792297624363E-10 9.539453183904813E7 1538.4715488835814 4.111876803749805E7 2.9127686925877797E-5 0.008496823113146172 
2.057318972167388E-19 1.2512968225898507E-12 1.315060239785646E-10 1.380213954030001E7 6.429470290022721E12 1.5775423867575002E8 1.4368113487374054E7 8.057396268156435E7 0.0 157737.50451727997 1.5542925000920309E7 11872.209625839365 2.2433427799267404E7 21.316765829394285 5.531375014131109 
1.1772419244169224E-9 3.876543323242246E-5 2.9894137570942672E-9 8469.970239587456 8.18980085145597E-4 2.8686076455889053E12 7863272.799971845 1349220.0602394883 0.0 8220035.4389940705 3.9166350303805284E7 6.386116986026018E-7 1.9998569169762444E7 0.018005574766654445 2.7184447826794766 
3.730641930192423E-23 4.712733710456063E-10 1.7725458273811407E-7 52.289115342707625 0.002174882232356203 94.12250810344116 3.5389723370091057E9 2.1947449951608393E7 0.0 0.49449887059189607 1.7875715769742143E8 85205.288269667 5.850677896421491E7 2.2413789606682483E7 0.0033246924972196975 
1.9003206758913088E-25 1.0631429866687183E-18 3.7863388027985363E-19 3.009375789750603E-6 21.619152055406314 0.012190149579352518 1.8777585023089737E7 2.003367988496563E12 0.0 79197.20563756136 1.0094843306462033E9 22.79532442915112 115032.35450833669 35.7808814815328 10.574271943674123 
2.96406262520033E-8 4.887295750429726E-9 6.119885536362227E-8 5.2458454398110984E-6 2.3725480855211464E-8 4.410031065478084E-7 1.1899612054879888E-10 1.9442009765347536E-7 3.826293621069312E-10 0.0017852724047954201 2.8353281937429836E-10 0.8291089801711042 0.001518184844715458 5.756451677496722E-4 2.3471970492499247E-14 
3.364655694993383E-19 8.972882634848865E-14 5.870561618962227E-12 3.8385847869581877E-4 66889.8583024722 1.5614169332771351E9 756523.8710976726 1664155.1962347003 0.0 9.064439976272607E12 0.002983434511981082 57957.740609136345 7.649401944214014E8 1.1091823237526097E-8 6.244364355671657 
3.5911697179113944E-17 4.055852224692253E-10 1.140270456731279E-6 6.733477423558767 0.005238897094663162 148074.28007948402 1.6844409613418734E8 2.809737185905192E-7 0.0 45.1698968158616 6.739045844034506E12 87700.48137821227 2263368.223987667 1154.4641441134472 5.958120410910158 
3.093915134534301E-78 1.4832237578504228E-73 8.158078049582505E-84 1.6958159158919035E-73 7.488741750420397E-68 3.445880300083474E-73 9.340007951818062E-68 7.160595005922645E-67 1.0125269791964192E-70 1.3519997778084529E-64 6.906961992063848E-66 17.517231725099887 0.0 0.0 0.0 
7.138764072378311E-37 6.145133453832127E-28 9.880393976247915E-25 6.310222433390542E-25 4.901669051035362E-19 1.8969861782355912E-23 1.2289826420459177E-19 6.762890860446786E-19 1.3603697190073953E-21 2.6348526470763847E-22 4.353166581834802E-13 1.1480631987321742E-19 989250.5290680815 4.7566997300725773E-7 2.638938676773961E-14 
7.151927575924091E-70 4.525443565304991E-68 1.2101159060168747E-68 2.1029666117443793E-67 3.740504039536335E-67 2.0818619403507494E-67 9.356109746587785E-76 4.1980602893682365E-71 6.6496449298393915E-71 2.7244321953596125E-67 2.1771870466256454E-70 5.926301945001713E-68 1.450128167774669E-66 1.0681002849495722 0.0 
8.558326906194047E-35 1.7817818832184962E-28 2.337200672626371E-26 8.664812089903531E-19 2.4850140674907123E-13 7.168810891579027E-9 417.2788547450282 304455.5850048928 0.0 213810.53941695616 3.91619110393223E12 161832.81176915675 2.1300309698644973E12 0.003611767375456061 8.36988277065468 
1.8197091569055151E-22 1.4330925876973078E-17 1.8867031626781038E-15 1.3758938831880217E-8 1.0704613735080043E-11 0.27558985670278063 1.2536507681504054E7 58.61775124697391 0.0 9.31412315406179E11 7.156382980079874E11 0.052845331056590464 5.988551396366042E10 895012.1521369021 0.006366525147493083 
2.667526821359013E-9 4.082194756984658E-10 5.633168874551294E-10 8.057988214488988E-9 10.8771798654548 22.033684733419342 3.477931598720283E7 1.130458206931529E11 0.0 4.755072144958074E10 6.425400372552779E9 8.654845025068972E7 1.1957094863944931E7 631.0322014824981 0.024015576673482676 
1.3293552203841504E-7 0.6783841220335284 1.3518383239885236E-7 0.7679658871689565 1391653.7106433553 154.38505794483154 9.163592115489766E10 1.7805122186899097E11 0.0 1074.4209905150933 2.3476986288345145E11 1.0164961129129545E8 3738408.0219996 6.65009082403939E7 515.8965663284729 
4.844156971275604E-26 2.9192071523403634E-20 4.740513833216633E-17 9.199511012460152E-11 0.0016388250639412455 49658.75797075273 4.9263089196353614E7 2.7024583852594553E11 0.0 1.1629542414440314E11 2975.8140353149874 4.5576378737750135E7 1.5414702189337115E9 838.3860455646765 10.856173813906201 
4.157358810371099E-19 6.32923847774585E-9 5.701813441337872E-6 1.3491478054032404E-12 1061.5924247621438 1.0454713226536696E8 1.2770522142535327E12 5474767.643017563 0.0 1679124.903301223 7.591699559188982E11 2264.1027828754573 1.3246589657977104E7 0.7493539730381389 176.7765929177724 
2.903080676830161E-11 1.4654846928378229E-5 7.777896009028155E-4 2.2250019375602623E-10 134.94281385622517 1889473.2928851957 6.546046742766533E11 25696.396847077445 0.0 4.158880046856307E11 80.21716335275114 115.73385294423433 9459748.593964055 0.003364127334211759 0.013377684299593476 
1.5406476496256872E-21 3.412762517504145E-16 7.806348346654443E-14 3.772995979937695E-14 2.908510365817295E-8 59492.86740576134 4.960556162955148E10 3.0081245395785294E10 0.0 5.425439681712093 1941138.9361263723 8130531.067484712 257032.8055418415 2962.832344250539 1.0583965279047522E-5 
4.650976228517105E-21 7.080730590579962E-11 1.334692440461682E-7 5.938234114064568 3241619.5358059076 8.22728206382604E12 3.8757865078405294E9 1.1687955491226909E8 0.0 8719296.58829965 7905002.062470423 1.5267997582513308E10 2.3681777035598405E7 1.1069049250829486E-8 17.65231521205652 
1.6838957624298694E-9 6.501056515161363E-5 3.7825598506318305E-9 3.0647610077904336E-10 0.0015612809848083021 4.8563666199280707E11 2.4927028595619392E8 717.4617865081673 0.0 1.4836640895722428 3.2883083272789935E11 664.251316282388 43045.569239583965 0.0019671511780264272 53.600706968089646 
2.5441468466627455E-14 5.7019064785066584E-9 1.4012707163102151E-6 24.540653359198064 94269.52701652254 5.21062960456524E12 1.9369901094349664E7 6.042351279047308E8 0.0 2.645589841517428E12 3.105398244488885E7 4830.134056797827 5.314428500382887E9 312.03135034142326 550.1488808075187 
5.125268869518091E-25 8.917281628192872E-12 3.938406753251245E-9 1.0306496223206808E-8 0.19912323167358728 7.425451063203862E10 1.1541138824887688E9 1.0261307209561005E11 0.0 3404283.6042412044 89014.12346236325 4.984682102602388E-7 7.433875266454228E8 160.14225527711068 9.112049902624088 
2.8222359570931905E-16 1.911988903110811E-9 0.3631236478591022 6.6569620304776505E7 1.4367318389355417E12 2.0708738911666784E9 45120.18705103513 4.786648405667888E12 0.0 399.4076239347486 4.3766293631702006E7 18020.04980975543 5.181547026397227E9 25954.96553570836 0.0013790978514257783 
2.9561680407018504E-14 1.4323865143300958E-10 1.770918499713388E-8 5.925082711352495E7 17017.221897799525 7.847832330680629E11 49474.61675338349 7.557083502075405E12 0.0 88764.32092232343 1.160692236746996E8 8.668208416884526E8 4.636923262705105E9 0.012794702931019008 54298.499370826925 
8.084818913367314E-23 5.556564613215913E-15 7.892908512932612E-13 0.009068914911829932 1465.4751836838857 8.936709889106015E8 4.649240885505478E12 1.1499421250939177E7 0.0 2.3575356991088447E12 17368.01849831586 3102.088768342712 5.638547726336075E7 927385.6316146248 27046.69812445981 
8.4522390255724E-16 1.5934081446738273E-4 0.026614701769075853 4904.110258006773 3.0248418836671334E7 1.1481752095503115E13 1.079413496942126E8 4283461.690566182 0.0 2073050.5632504635 2112.340455775905 6.914447157041932E8 6.6460108788288765E9 5.359369482254E8 44898.44171311244 
3.351984781741026E-34 9.875182009606212E-30 5.6883255615295365E-21 1.5619287436304293E-12 3.591464205433409E-11 1.6732054640706844 336355.28649976716 1.2707288816964346 0.0 4.1791579862526074E12 6259378.584928253 5171381.2420178 1.4524538838358542E12 0.055481747639164254 8774.204632363779 
1.1140774794239152E-15 4.567618396968696E-9 1.0698028620317492E-6 1.4100852702512348 4.104609736667926E-4 9.265215199674741E11 4.0544074910059325E7 68019.21763736161 0.0 9.063060458372535E11 3.96886495563003E12 8100.500726667394 5.234050782422092E9 279.79560133600853 134.62268479970436 
8.019490692161226E-16 6.14086368765314E-16 3.712138789144622E-16 3.2294248719092105E-8 2.512529945997614E-11 0.012079468392790905 3465828.3173793484 56.72595674402298 0.0 2.58419823489575E11 1.985534436196023E11 1.0942806482823434E9 1.6461886674416983E9 223669.70387579215 4.745052418095208E-4 
7.012949263509555E-31 4.339769859453007E-24 4.581818750871972E-22 3.4024292057608245E-15 3.709112444729643E-10 0.7117235026540908 2.0353132000793013E8 951.4947405944665 0.0 9.96432591314175E11 7.826001854437781E11 2.0690132823202258E8 6.351294854574115E10 1.9650645442368904E8 0.006729056468255275 
1.805691166652521E-4 3.3720695736674236E-7 0.006482332612516569 1.2736617457373534E-4 0.039183905139577126 2.2259529857221677E-4 0.10014785242612942 2.875055815487834E-4 5.495017988363849E-4 0.0019687286469237514 3.7917923483327945E-4 1.2752608086653953E-13 0.06017953209437535 0.0031274274656506226 0.003608036357806309 
1.3270872308433377E-4 2.0609236107416734E-9 0.0015030580386078973 0.14144569273199012 3.7394331550258857E-7 4.765896939325314E-6 0.009015207024088494 0.06796563439441793 0.0029132364373426864 0.003548158805944341 4.923407279504594E-4 4.3490325029624717E-7 3.906971039404861E-8 0.009673997251092557 2.318408314001443E-5 
0.05657873163800242 1.2319113072181863E-4 0.05343421910325368 0.0031331055816899607 0.015194951191946193 1.793413255075386E-5 7.560934064817127E-5 0.0019652447334317087 7.071926416109129E-4 0.0033514314754916554 0.003113580534666399 1.024879696838676E-13 0.0034455965691388884 0.011403336904327674 3.6468861555639606E-4 
0.020110581817965028 0.0055172685926974455 0.018944133463271517 8.685564754893529E-4 0.008591144588830023 1.3340893582778697E-5 0.014295616646849838 0.04588401347026286 0.011357059436263495 0.003560052464421611 1.0384128619406802E-4 8.940955262004212E-7 1.0394075159870065E-8 0.011562316880949955 1.1140501644848394E-4 
0.017718722567904636 6.816118430647503E-5 0.02114103227062831 8.585662461516946E-4 0.039702983087882726 0.015046674872295841 0.0017824701698201768 0.006931648790488274 4.5378818311854196E-7 4.444546104387084E-4 7.66206477395227E-4 7.272230158079439E-10 7.032254740022482E-6 2.9242788415014876E-4 0.21951579506209548 
0.09648736432287648 3.564394024641812E-9 0.018305658275957485 0.018347816096602902 8.47460483908996E-7 0.02146790200825309 4.174241076133861E-5 0.01557921665814048 4.455770039375567E-4 5.22846765675277E-5 2.0487556074929534E-4 1.5694722336793982E-5 0.005795649162938582 0.0032996210162272166 1.260173797881368E-4 
6.551896515536166E-10 2.1735277021462564E-12 7.065263289433671E-9 5.709436585252826E-7 0.08640195450127469 3.132497289158244E-6 4.2233831647615645E-4 0.09086860881323776 0.0020728189580796128 4.01313591946816E-5 0.001120068711852454 2.331533752380784E-7 0.10733810433247738 0.001926450094052605 6.919343936344528E-14 
7.750834366825066E-68 0.005513470205412799 3.0821993100841866E-5 5.503953434440109E-4 0.019447877748215294 0.07802352988921446 0.028678540213455825 1.944763413474535E-4 5.402699975842083E-8 1.2722388142155962E-8 5.963129446353977E-6 4.404826485747843E-7 0.017659794152915825 0.053140618379840965 1.3144167242545323E-6 
0.005022391412654958 3.6172934329363915E-4 5.854277173241995E-6 0.021548223914820266 0.0021064022250247456 0.0030949370475068035 1.9161388435116898E-6 0.09897520829429815 2.3233654953282637E-15 3.9329751699884106E-4 1.754261764314911E-4 1.2369706559852729E-9 0.04131007679944287 0.019636031717822015 0.005041910910672498 
9.579164956485224E-10 1.3037067326294188E-5 0.00823932803344169 1.0760871191923627E-4 1.8591786680807995E-5 4.275326455863118E-4 3.356977293938314E-8 0.004376911195630213 3.2375740846100986E-5 0.014122636594709128 0.19610007985430056 8.491623249905177E-6 0.0206639800624428 0.01672157142839805 5.468514661096282E-4 
0.05487655475372277 0.014486835776022175 4.5064035667244285E-5 0.06059392948237003 8.251260032419154E-4 3.2662867477360676E-4 1.1221751087632818E-4 0.06496546599396041 6.638242005040273E-12 5.1253808949879914E-5 1.8454153800530614E-6 6.458304924313308E-6 0.006455833968081217 0.0016879572894344418 1.2391991072678837E-6 
0.1389739831489342 8.057020115588143E-5 7.544746895672609E-6 4.472907538435174E-8 4.7192858040085215E-7 0.006222271916971212 3.100397627260886E-8 0.022780357093941144 5.826877709917872E-5 0.0018902022415020526 6.452087104081962E-4 1.4643077235798366E-4 0.10004216372776648 6.743930138767118E-5 5.0676593907675996E-5 
1.98837707356942E-7 4.630150456409661E-9 2.0099506538158912E-7 0.0293665879390932 4.692293771380326E-10 0.0019000789202592145 0.016503932079394535 0.08766180114217398 6.595221821575381E-4 9.543469979761089E-5 0.06018567194662117 6.470308408201808E-6 0.0026765822330523078 0.006459227292404276 9.708418730555436E-5 
0.02525636681657903 3.791709294984973E-4 0.036854761890681965 0.0014564803086219655 6.144761329911609E-4 0.007567560398263328 2.5427921084293834E-5 0.02483927009774965 3.9123343759198344E-5 5.235529075307418E-5 0.0012500925461075621 7.3627442876213995E-6 0.05037999061294324 0.0026283167489743724 1.1493561342080898E-5 
3.452232685770741E-5 3.871108016394163E-8 0.0010085040952996383 2.0274265351323687E-5 4.81920270523801E-4 1.6197343284550829E-4 0.002626991375042109 3.729723061124976E-4 3.49307313654946E-5 0.007497771777431022 0.20755071447039586 9.021044943969175E-9 0.029701809408766693 0.023509975555059726 1.0090925902936089E-4 
0.00208116815415086 5.086753954321532E-4 0.17210131587426314 0.005421058997651961 9.9316715057499E-4 8.610952215300378E-4 0.01554703571023197 0.0028856287623806676 5.060442501740723E-7 2.9125726687903896E-6 0.0031475301434007214 1.620107565973898E-4 0.00414779242830568 0.012103239972139116 7.786256382203502E-5 
3.7445537649183054E-4 2.6969522345443692E-5 0.11414961616651788 0.0027247936043754274 0.006333539639307136 0.009318542110156829 5.793831001189548E-6 0.04148110832570398 3.993247125011037E-7 5.792279035336656E-4 5.463780841807784E-4 8.739426839323624E-9 0.046868070711362564 5.3878821895400485E-9 0.00981340006912494 
2.7899883054841685E-6 0.0069135345575821365 0.03619474993194647 0.0314637952175804 2.022028683060056E-6 0.0 0.005488481795480117 0.0019844340987195345 6.985363263479029E-13 8.84099883850876E-4 2.586688101458506E-6 2.9105888788884764E-4 0.010960923697697291 0.10678576741540959 1.337965998735955E-4 
0.23340892953508763 0.027151981129973468 1.7333924315740103E-6 5.670889075825199E-9 0.0014036068831940608 3.3967117936844512E-6 8.487583659634263E-5 0.017337652768127616 1.9839624330251967E-4 1.9199409871421234E-6 1.974432720299544E-7 8.930787993617108E-5 0.004366892169564663 0.008289268480887785 6.038558665639034E-4 
1.5534057412597853E-9 2.561333628178312E-10 5.715255459798541E-11 6.850882176815152E-8 0.005181120329902296 5.3136660550682046E-11 3.3010670867039645E-8 0.0022495695950172827 3.7716380396101204E-5 0.6784343226435585 5.6440303971501814E-8 6.975268612489058E-7 0.0014989401133203954 5.683482060715408E-4 2.332272898036891E-14 
6.211302556568281E-5 7.989813975167758E-6 4.8725819861858374E-5 1.2010824934632516E-5 5.2500998642040714E-5 3.0929369834089014E-6 2.860649647690059E-4 9.744459682056033E-6 0.3105742169072249 0.00924830630157871 3.6036428163747577E-4 2.9427226592437756E-10 0.05768776094357529 0.0022740363766754383 9.459803708846467E-5 
2.849257226673297E-4 0.04530921178266269 0.045501334855815166 0.002564836085224043 2.6575808020452064E-6 0.023802522262052594 0.02047687658036757 0.0027322484527890455 0.0011791411201204174 0.004369868570639926 0.004207879060915357 7.684459185118563E-5 8.043799076116867E-6 2.2686622611936308E-8 3.9476445302542363E-4 
1.0221768188391795E-5 0.005732424943334912 4.251515131591432E-6 0.015890768946854626 0.06659401954286963 0.021936923646130535 4.732310751113729E-4 0.01526132773736346 0.03212976625175316 0.0010710114049637069 1.315847298590681E-4 1.832856109518003E-7 6.604621279001015E-4 3.190582588467854E-4 0.0012147174500557998 
2.5643413548202734E-5 8.817842040241598E-8 0.01785544044066014 2.3319874372904173E-4 0.09651874943136898 8.309208122912025E-4 4.859536795692416E-7 0.001372620808337758 5.761076575253543E-4 0.03247402377317078 0.0030557447386723928 1.2129826202493443E-10 0.001549656777307743 0.004203774102670676 0.11941117859172909 
0.1417375322792312 6.756297056321581E-8 0.22645408692446664 0.005696115822515881 0.051419456383128066 0.2249944992541748 0.015060895370402304 0.39235233734634606 0.09711375440352976 0.030441864166845235 4.921873613562606E-4 6.5678460827967E-4 0.0989773014129559 1.1997926686804776E-7 0.0 
0.02352556548397727 0.0010448834988624727 5.359144365489192E-14 0.0782509939445133 2.5417574675617104E-4 0.0014374397876879457 0.017503992741166388 0.02630377108608285 3.181257472338389E-6 0.0 0.0 2.87995830085475E-4 0.03286698229730316 4.050516483139749E-9 0.0010907656076252926 
1.3232896489641233E-4 2.2106597247009683E-6 1.0668963346631642E-4 3.975984551635748E-8 0.011904778632876227 2.824235585426819E-7 0.065068637236796 1.2695013173229182E-4 6.744350242669437E-4 0.02147292737689876 0.0011234318337691495 1.7467020858461726E-6 0.04476545518696994 0.02103764802029908 0.16021871647443883 
7.4886933171305026E-6 1.4635777541465806E-6 6.561246209468959E-8 8.979243795323708E-5 8.81479605111279E-4 8.276930670123188E-6 1.4033766748081366E-4 0.005435139316200735 1.3245785388166862E-10 0.3809113429953505 0.014852775637282063 0.0023610356712522327 0.0023582916722916037 0.0026980925206007682 0.014824190019071789 
0.003327254890030108 0.002979469384266845 2.2038506883805873E-10 0.08201311776764095 0.04236664668847451 9.78915916912301E-4 9.062390777572061E-4 0.021250314677908166 0.015086653363187479 0.0 0.0 0.0026133386245027986 0.0013276582931218426 4.623382868530975E-6 1.4451710113459338E-10 
3.015587083124374E-8 8.836347819585445E-9 1.2741149340046536E-10 8.590198598649954E-8 4.513020825974167E-11 2.341729551856311E-8 1.4350503445641607E-8 4.7545085543865805E-7 0.679141329024873 1.7124246637910707E-4 5.317347003139383E-4 5.8974011688187E-4 0.01561336224413514 7.298090518304773E-9 2.668061385819338E-9 
0.0018407559119436173 4.859101515980122E-4 0.006022539947420845 1.5712459150638548E-4 0.3207367221238667 0.005395617396993585 0.002842752206499655 8.380086369938628E-4 2.3605902569867692E-7 0.002491700446780823 3.8362680712827516E-4 2.5636710711617694E-8 0.001775989040151424 0.0010106599877838136 4.4920975905340954E-6 
1.602978300201056E-4 2.3554924263470282E-5 4.2334220544389746E-4 0.025786637060296998 0.18393705946974165 3.1779263161512143E-4 5.561845822699928E-6 0.06260238411493908 1.2460118656413039E-9 4.617048210585315E-5 1.1429041318936561E-7 7.265973741382625E-6 0.005697952931341923 0.0015961429300927227 0.003784763473477435 
0.04990460786079583 2.1922964080855288E-4 0.0939218925725766 0.027365959386551394 5.351311311994264E-7 1.5418870854527986E-4 5.13441202316691E-9 0.0015528493065171173 5.887495504331538E-4 5.392457082103866E-4 0.015584421286606412 1.6423255144516354E-6 0.005688220023350968 4.3627525094001553E-4 7.002060324600754E-4 
0.003421761597836549 0.006927428207477862 0.0011125037207692918 0.00554272867711019 0.0038385815747682467 0.017157515315858792 0.006061370496640741 0.0017264154845676469 0.008641044667889133 0.011492938649891846 6.333247913703847E-5 0.011342573744958203 0.004606683311254563 0.0037729013772270924 0.002568172366543665 
0.015164720021040587 1.0889915626521537E-9 0.002896895782349111 0.0018097764912844098 2.0727761482622713E-9 0.003538223400076328 0.09433557151744604 0.0519426912130778 5.708116853865487E-4 0.017374330911743438 0.0020259309908532835 8.068599940808873E-5 0.002950722227423551 2.63484715723485E-8 4.5698844761308675E-6 
5.046966937562996E-5 0.0017780643323649548 0.0030853145345877664 0.014721306930771071 2.5812750041491875E-7 0.0033002433646768317 3.8536086173249825E-4 0.04495657338858773 0.03784678000995098 6.841874419149816E-4 5.199314006020733E-4 7.411806803493325E-4 8.320041294810761E-5 0.012154276122804428 0.13071591525598936 
0.021682409799901475 9.963884658626475E-4 0.0 0.0725520069045443 2.3566423382043744E-4 0.0014531683419428637 0.0 0.015803411523452264 0.09033140600642045 2.616771159283652E-12 0.0 3.4090832840887454E-4 0.005872491810247563 2.195345442330467E-8 0.0011041192080295035 
5.072480046078081E-5 1.0052156995561522E-7 0.0038600786328348738 0.16447872968357913 1.7628440570618007E-4 5.654535243321728E-4 0.003671235939376766 0.01732739401042263 5.039906072396039E-4 0.010979368174623066 6.269837230293971E-4 0.002459385551157627 0.0038963322450624098 0.0063624387966691055 8.753869776701378E-5 
8.757571967223592E-5 6.384649033542299E-4 1.9113539420661315E-4 1.4958700187528606E-9 1.8491132296142304E-6 0.0017485888386605264 0.23802475775866275 0.017195308222866145 0.0015902450239763082 0.01211494026914176 0.009019532180371735 0.0026194194004572667 2.003086137927026E-4 2.3292057360753548E-4 0.001738940994933702 
4.579213803457459E-5 0.04563135196391465 0.24989656356820714 5.64304552614922E-4 5.633346972923451E-7 4.962391758435053E-4 3.0600042120362776E-8 1.8925721043695936E-8 0.0018411097405475075 7.252039377149413E-7 7.546438365725363E-4 3.212327691411472E-5 1.7359866690055557E-5 0.001662653939729486 0.13194785846617546 
0.0018453810254794813 4.8713105742522546E-4 0.008786990216017355 1.4250756211182163E-4 4.23401700125313E-4 0.08036119762985916 0.00690655266025753 0.08652826192166499 1.5791961079246803E-7 0.0018917578230011702 1.357559755027755E-7 0.002741624000996525 0.0015224875249280647 0.0010070452444170316 4.484057139113142E-6 
2.185248703246862E-4 6.416790555032144E-8 9.17700952796951E-5 2.7553495457345014E-5 0.13979485906487596 0.011962081802002816 0.00219865317927351 0.07992430738205832 5.400147914745476E-4 0.018560678246549386 0.0017783748741608538 8.389799924829344E-5 9.288841031992808E-6 2.5402191477453622E-8 4.938843866919591E-6 
0.0052044674529463895 2.1552599044099034E-4 4.1078535430866966E-10 0.018080402895464132 0.003072766745323728 4.4305050403538077E-4 0.001137092335013709 0.014049019912532306 0.004258124010580183 0.001104758947821784 6.418050354282366E-4 1.5059851338296415E-4 0.019394285455131135 5.616301140573804E-4 0.2828882665241767 
2.515866461060459E-5 3.870439963423417E-6 5.312926288630664E-5 3.9397607710027383E-5 5.2500686220490664E-8 1.9667477453312753E-8 7.682279886586095E-7 4.633381749390663E-5 2.609729549267929E-6 7.944068034157582E-7 4.874818054784996E-10 1.2667131392584757E-6 3.3247702287689606E-5 2.4847824311821792E-6 0.9789971085100114 
0.0013821401572568968 0.001104207956483118 0.00379488164752562 4.123902755551578E-4 3.1570298595158925E-8 0.04156621455322007 7.742929716640175E-9 0.05663307036477562 5.678417219154462E-4 0.04139586113667672 9.66353309964818E-4 5.2484542931971146E-9 0.008849619556728593 0.006108386598718709 0.0013564913493752896 
1.1556439258471303E-9 2.125958165881395E-7 6.219322391359902E-7 2.7603535989377352E-5 1.734482791301144E-6 0.0 2.5967644149049905E-6 5.560280815567835E-6 0.26716065574198805 0.0010416154737639158 9.744518516620408E-5 0.16452797598545618 5.183062070239078E-5 0.0020957409315248278 2.9380275344529358E-8 
2.5809345796878578E-5 2.2529546980017463E-5 2.9916378435681997E-4 9.375945606306999E-4 7.814834835537702E-11 0.03612040728372717 0.002557498305231914 0.0023567304373265973 5.162758594612116E-4 0.02166044134243295 2.632708996611728E-4 0.1512092594154384 0.00258799705366692 0.0054550210030493585 4.3128571902055353E-5 
3.5339578441907375E-4 6.599551429999391E-7 0.01039728401753959 2.2582881171797126E-4 0.06530350052011127 7.809293978588024E-7 0.15199720759359994 5.080155241998591E-4 0.00895999349336018 9.171377888078946E-6 0.0012837168803513765 1.7102147781509081E-13 0.004064435242770884 0.0068162365342254025 0.0036579557553643068 
4.874349703172855E-6 0.01170089384685539 0.004947404646679872 0.001793212582370911 2.9615359503066506E-7 0.0032207390924791383 0.019536249827517824 0.1455616050565564 7.79735066551518E-4 0.017569707647314307 0.00266517311869099 0.0016061866238498655 9.294142000433862E-6 4.371916553079662E-9 8.269153051936738E-5 
5.256946985188368E-5 2.3269149898246287E-6 9.621929056418985E-12 1.7959958351545428E-4 5.772318402393926E-7 0.14935287588042312 5.9581665826729555E-9 0.002297307677259858 0.0550778379925034 0.004205789875711242 0.0 3.0389691640877076E-4 0.03416543389167364 0.004173762530978223 0.001101450412167724 
0.004926821978137699 0.0011339990261157223 2.874518541150727E-4 0.0034831421317811887 9.773980363460882E-5 0.03792155950484349 8.345423397417628E-10 7.990295072822678E-4 1.7007354459473234E-4 2.128600891324594E-4 0.004254902288770364 1.3362235515934826E-4 0.0052931696445000604 0.012153282707064925 0.3465091379264917 
0.0012978205401704434 2.9326294691037E-4 4.761750991233409E-4 7.505268269177976E-4 1.6329478562955043E-9 3.8738993300147087E-4 6.213343240172157E-4 5.663615192241383E-4 5.974632807411806E-7 7.31957353526046E-4 0.3808893747139408 0.003187860494073844 8.383672933286637E-4 0.0028291333131963024 0.07051789249801818 
4.136146056769216E-8 7.563637054162548E-11 6.757595201534631E-9 2.2092498612215452E-7 1.8453723731605106E-8 1.8558890522466389E-9 0.05381902251918276 0.05117997190731516 1.2546164635392694E-8 0.06435613932541649 0.008795973015383983 2.3191173404625212E-9 0.047577853899977963 2.827244357828354E-9 8.829600095438471E-4 
1.8955270006410695E-6 5.001091915800724E-7 4.692711449878538E-5 7.020839626287088E-6 1.0470948262628993E-4 0.09431273747794534 0.01857347267722645 0.0032117344640704044 1.519931609765405E-4 3.533854117301644E-9 0.005865281242738113 0.0037722659212485543 0.09128762596608055 0.004390071680607348 1.3546691384608128E-11 
0.002495031033638941 0.002211254535278783 2.335094891018638E-8 0.058705649025807376 0.030710735382151206 7.095965821115605E-4 0.0012824568650343972 0.01596214788867231 0.011332321228103303 0.0 0.0 6.679858370432783E-4 0.023498876599196254 4.236887586046744E-6 0.059772163129081124 
1.826666706674439E-5 1.0850290193305252E-7 9.777370574272723E-6 2.384015421758452E-8 0.217507925920506 1.3584421406609082E-5 8.819261808577154E-4 0.0012598579237325259 6.53263719199505E-4 1.2916616363667212E-5 2.3642905260960205E-4 3.0219318292997745E-4 7.64620545321631E-4 0.011212790438677742 0.29012199061869903 
0.022629247841827824 1.503481783488282E-4 0.027999975685258933 0.0011371173227823204 0.05258411920771944 0.014869006826785132 0.0022420854737850125 9.92480095554143E-4 9.842442705405041E-6 0.03158347225775787 0.0010766239228476517 1.0229431118889435E-7 7.925489006759811E-6 0.001873769587463489 6.454413760768809E-5 
1.5310087815749035E-10 7.849818134706912E-10 2.8684465270731116E-9 8.677039182552264E-9 0.3554909683408346 0.021599693173666373 8.672630738898597E-5 0.02513047623710833 4.739735194283696E-6 8.540516844799105E-4 0.0021606188987154046 2.0717862566073084E-5 0.0038318354222446767 1.2023365481030723E-9 7.816532420552727E-5 
3.6525513163684445E-5 1.7378073672525164E-4 0.006117801757215997 0.02900828781452657 0.029592760592429376 0.005954923313809677 0.017929920176976418 0.0011383543827119954 8.656104685038372E-5 0.0 0.06996870560485413 5.295107565367269E-4 0.0011696049876019018 7.684601342647632E-4 7.590856973252431E-4 
7.787797653937335E-5 1.7532342869566382E-7 0.0037969393778957364 1.2055701401836975E-4 0.09605634289057624 0.005504662610709719 0.004662798948019921 6.101167994357082E-4 1.8006899714697344E-4 0.0370049406301333 0.005549496089800076 0.002500686490971002 0.001081453847762266 0.002630519767755218 0.07584031129994 
0.002293581231964668 1.7943113493072374E-4 3.673657141277853E-8 5.085231057209654E-11 2.0950249784746453E-4 2.467308511879365E-4 0.09231010448964676 0.00593498915955444 0.03506030357550025 0.005587950155352942 1.4920681602643695E-7 1.5310014085742778E-7 0.003196219849104641 0.005933785352354808 0.14530252841005045 
0.004866451627339395 5.3959839090351456E-6 0.0011394859990236518 4.3480735543075937E-4 0.0019497295299042662 6.919103609751659E-5 0.01534284271728209 0.013743894837186212 2.8327678422359004E-4 0.060804472020048565 8.508108086635787E-4 6.029001348441414E-9 0.030668932188412955 0.024603604867255813 9.775263325204441E-5 
1.0834998853760935E-10 0.03779073949346069 1.414039801167263E-7 3.2943277539907975E-11 0.002407844727524771 2.6009091265358866E-6 0.046641492505244665 1.0540983974213124E-4 0.0010047816839128935 0.030056004781820266 0.001184229598442186 9.811223392840478E-14 0.002753235857341269 6.214072968993399E-9 0.3196116508060107 
2.862068359740785E-7 2.8187854348453723E-10 1.4004136452962374E-12 0.11573600261218536 0.006583418912406856 1.1079803468817118E-7 0.0014068692136791744 0.04939983234904824 0.01456697784703014 0.003101998752469083 1.9389219487510626E-6 0.001455028796520518 0.005463276431253874 0.004681089039740131 1.2213009590555888E-4 
0.004882801723822582 6.545298933046741E-5 4.2837242759188117E-4 0.0038162568075216243 0.00605197982419586 0.0017382237044664044 3.705033394078852E-4 0.056580171863718484 0.014670149223207992 2.6977807965905177E-10 3.0856969033174665E-4 2.6316949387337134E-4 0.013159129558510866 0.024774493572847417 0.05953121372724628 
1.7402759350828754E-7 4.554696241756185E-8 4.7518384541604486E-5 6.24971255442984E-5 15.183551851443422 0.08686264189318149 0.09457661354792529 0.08946988852809483 3.078997015283172 0.010837031331149717 0.10467329952944043 0.03886240832895538 1.9366236745001807E-11 0.18614129424463988 4.760865492008381E-11 
1.062458322102463E-4 2.794709951281868E-9 0.0012442420161838488 2.961196575182238E-10 0.022485358468651632 1.4948222334142184E-9 0.012227378660780717 0.07638426211884526 0.06386368352736473 0.01431352018110742 0.00236013808222696 5.936424972862939E-4 2.387616414459666E-4 0.0023837772713588726 3.2140253283931974E-4 
0.003988115306198761 6.599346323472444E-4 0.01131378194239209 0.05868096948440525 2.5193642972502054E-5 0.007097374688355292 0.001241916464786724 0.07607601720674535 3.3038825330493075E-8 6.601240512475771E-4 0.0017498452098412022 8.30704944959837E-5 0.003208166929205573 7.533508762731856E-9 0.06152131890303205 
6.595516672903151E-4 1.2230845170138154E-6 0.023670679151972202 7.647206427143779E-4 0.11840788234665109 0.014046359811465185 0.018461211518423507 4.638912738402591E-4 0.0011507279849111067 8.922206968359221E-4 1.8035349684363804E-5 1.8742381917880755E-13 0.004726001713001562 0.007430662815835346 1.8045660897586038E-10 
3.1587254607325603E-4 3.3252261284184605E-7 2.4373426966189764E-4 0.024632532410988887 9.330711914978397E-4 2.484243897639779E-4 0.01805889245184257 0.0013761447970951407 0.0038551269520553334 0.03392398558208919 3.106758008500997E-4 2.067870785449021E-5 0.007639789825869489 0.06458026082672783 7.846039881934484E-4 
2.96406262520033E-8 4.887295750429726E-9 6.119885536362227E-8 5.2458454398110984E-6 2.3725480855211464E-8 4.410031065478084E-7 1.1899612054879888E-10 1.9442009765347536E-7 3.826293621069312E-10 0.0017852724047954201 2.8353281937429836E-10 0.8291089801711042 0.001518184844715458 5.756451677496722E-4 2.3471970492499247E-14 
8.618792298205399E-5 0.0020003109785641515 2.165088425358541E-9 1.2177995661295208E-6 1.0576570338365308E-8 1.5967910124344187E-5 8.140173306171294E-8 0.2607671239246428 8.436271358144984E-4 1.4078918884693619E-5 4.527638096968612E-9 0.009091852764140663 0.04826257913436633 0.01010412478253527 1.3027157318915967E-6 
1.9463922012971723E-6 0.029127867570468327 2.5383150982716276E-5 1.1789449339197695E-5 8.570998470228914E-8 0.040174540884252444 5.543645699598522E-4 7.821398402431063E-4 4.978893591974627E-4 5.621611691194263E-7 1.8803826984426989E-4 0.005599420350479576 7.83624510187641E-4 0.011890379576019256 0.3343039973888864 
6.732547846202322E-12 3.833143432721763E-10 4.5970015788306276E-8 1.241353318241736E-6 0.06592339740238395 0.00898582335571446 3.195485330774188E-7 0.0026816400044294532 9.661465016277985E-4 0.059245974429576014 0.0010085129244747845 8.974797506216354E-8 0.001380416450134052 0.0038032423616248773 0.21462699566571086 
2.694029179033509E-7 5.719805415813929E-8 6.776984302306651E-9 5.16080615356795E-9 2.6344325891266456E-8 2.170530475519493E-8 0.05896481163800504 0.0853301381032947 0.13492884396213606 6.247517667810973E-4 0.015095403705286734 1.0734405548173296E-11 1.1866177393544388E-5 0.0 0.008567555442553578 
5.8710690501032945E-67 0.04176319961140555 1.6440338838440684E-8 0.0037461626110281356 0.1473320973695477 3.310652427318249E-5 0.001635302724986499 6.746291728297459E-5 5.783049713703416E-9 5.905613512719365E-4 0.0132610868031974 6.249552625736664E-7 4.02578893160356E-6 0.05349664180641902 6.706957750898747E-7 
4.2838120992631434E-13 1.1816729467136068E-13 1.1908758558508151E-10 1.6799899629119407E-10 1.9091280505291212E-4 1.3395178720555024E-5 9.857013513093211E-6 1.96239221871544E-4 9.257193153214509E-5 4.923533600213846E-7 2.5455680044156365E-10 0.680104387784972 0.0013764284250609455 0.029202535305769113 0.0 
5.053861130685581E-9 8.442873610160915E-11 3.792792134226108E-9 2.7079328984940557E-4 0.005074355298255706 1.23862364176889E-7 0.036966029528980655 0.019753027381923777 3.031433845578954E-9 0.020559002908887326 0.044195772811018934 5.33534009214298E-5 1.4687814902413724E-4 0.019810241549802605 0.13730170432807173 
3.7333651340825968E-6 1.4841331879056945E-6 3.826965767598221E-4 1.4833656946518188E-5 1.1177238197858581E-6 2.9288861060354066E-6 3.561417151440256E-5 1.9272756674574656E-4 0.6069471476074575 3.7317322474163933E-6 5.40979496535797E-4 2.362425321123388E-10 0.011161763272118382 0.012829360251820788 0.003760134690768527 
0.15179282199880662 1.4949726630675734E-4 3.043859246205284E-4 1.903850217749867E-5 1.6377763747847567E-4 1.7482111669801583E-4 0.0016365503881554402 0.06388501839786666 0.016663053956830345 3.6919440732050497E-7 6.764701302690769E-4 0.0015893134481029538 2.3854724201321894E-6 0.00857668511340972 1.2123109199852939E-4 
9.035108612690067E-5 1.430021460666403E-6 6.846038432887278E-5 5.955516235201785E-6 0.00844789548486595 2.0620871925039427E-7 0.0475092106947602 0.027640199321479604 2.2398575822991134E-4 0.030515087256931552 2.9209005502010707E-6 2.1437942851313283E-6 0.01859799970995263 0.021490674039379237 0.14302437734321302 
1.5828263865542902E-5 0.2327558694480282 4.549576120260498E-9 9.860528207515269E-5 2.1428650095130686E-7 2.292461793538621E-5 5.344203038505895E-4 0.0013464057160654688 7.800071849822287E-4 1.387476609811369E-5 5.303606433907752E-14 0.008862105619318274 0.0012490117751045228 6.626999643838335E-12 0.30247681900716705 
1.319754173063216E-10 5.1117093033407255E-11 1.3393535041356342E-8 5.236426821903003E-10 0.06661796255294758 1.6602375684765319E-4 0.003060053611001126 0.07046729553809525 5.285882255266423E-4 0.008286961046043328 0.0024864429760065227 0.010850596100692394 0.0113328977129853 0.015936252257795967 4.721600140798886E-6 
0.005962223477831257 1.8197389781951484E-6 0.002506458295989703 0.03295160916767161 5.725591317671261E-7 0.0070931907359555665 0.008544310175886277 0.13758795313586267 5.60414879867589E-4 0.01986792507664198 3.455919428788978E-4 8.296714520876378E-5 9.241106632363003E-6 3.341342213942576E-8 8.157804555188598E-5 
7.50352028477648E-10 0.2116122416510072 0.09257630619427493 0.42973219600306956 80247.2323841519 419.6473442856278 438.5648394194718 188.73823245286823 15271.462815114808 10890.754682708188 110.24355016248055 0.0 66675.24560076669 1264.0795624776706 6.979912243343047E-5 
0.01577316507377331 0.002229213445239501 7.816858412919307E-6 2.2308578359247032E-7 0.0011871385756219077 0.02147396242733185 5.698560191076721E-4 0.23598325658694314 1.024805202884238E-6 7.049780392497538E-8 1.5945124333989136E-5 0.004670163730111485 0.001275066832998071 0.0020241406003241556 0.01747017012369763 
8.466644851146815E-10 1.5575500685229456E-7 4.5564894795626597E-7 2.2116468923987456E-5 2.093735216814176E-6 1.333508954698466E-7 1.2739356694802383E-8 4.103155178162175E-6 0.4129526350410561 4.0599966426876823E-4 0.0011768207258469417 0.08926681878523858 5.496917680319104E-5 0.0022226466177233868 6.91131671540501E-11 
5.984247295757271E-8 1.1454419969873416E-8 1.362104912175242E-7 6.569051995163191E-9 0.0668741002726989 2.8514064034702765E-4 0.01324064820323451 0.10461019710531895 0.003068500235356224 0.0016030340359725929 0.0016935189877822783 0.0022377354364497754 0.0016401693942033173 0.007017834536181045 2.7896573467500424E-8 
0.026133215267883942 0.0019211864316257678 0.006099381117312172 9.44514283503211E-4 0.037550292657135054 0.009906229589600265 6.097376089528822E-6 0.005308484595057344 2.5135234835028734E-15 4.3257704331383176E-4 0.008570363545243355 0.0025398564523878625 0.04706423394864955 5.410432817214269E-9 0.009833915296565536 
6.259362109294705E-4 1.222656340742458E-5 1.7423592479416943E-4 2.2781513267763393E-4 1.0909759044365667E-4 2.456637822696677E-4 2.53353349979205E-4 4.4495619037046206E-4 0.374066348602084 1.41683335047494E-6 2.0740290139104528E-4 0.01739588615087696 0.01156746527563857 0.0014834607477357494 4.994013534452402E-4 
0.04478600237127579 1.7392646187910067E-4 0.05346593294102025 0.0021713246900410556 4.542756473731918E-4 0.013225594623086603 7.579000018405511E-9 0.006118039221796469 8.034895615675088E-6 1.385583626008744E-6 6.46488552519137E-4 7.21999500841999E-7 0.003194068269754986 3.9038559104727377E-4 0.21718057797355567 
6.55864827162488E-6 8.036290329284606E-7 5.195907847550945E-6 1.991993503555377E-12 0.09824275484211427 0.009672423026904804 8.501272307739643E-4 1.5560169428223273E-8 0.0010927906921169945 0.017477782753259247 3.498325553194196E-4 3.9806220503377953E-4 0.06797208228040684 0.022250261893621323 0.01730833384811029 
3.88213419559883E-4 3.0436961189527057E-6 9.885047784034865E-5 5.691928931483709E-5 0.2219742610787132 0.0029153228316654857 0.0018069093327757137 0.05202310844822185 5.692551047487311E-4 0.0041690773851629885 0.0015560548890288417 7.127701482572875E-5 0.010645475311288106 2.6154248725821682E-8 0.005144519060242645 
1.8726728417922498E-11 6.890903331979402E-14 1.0364809765728666E-10 1.1032253504107724E-14 6.766841494623429E-13 1.5912177480640565E-11 1.6021785635093383E-11 5.2877346428031254E-8 0.36740574520434144 0.0019111093567336138 2.961123513361812E-4 1.3979426087911442E-5 2.422229413634673E-6 0.05752804835925323 0.13489540470214326 
0.004104275651575739 7.664601401511907E-6 0.0034679217544745836 2.2528243299425229E-4 0.06930761258711983 4.2782444275221796E-4 0.17497268734670496 5.064401998694595E-4 0.0010909897758955942 1.7203850285307836E-4 0.001234218217307177 2.0908991973318567E-13 0.002943630100577751 0.0032318935787789007 0.0036678013677948207 
9.479124058041287E-6 7.516515945673027E-8 0.004344058718645949 1.7574413607352475E-6 1.7642862764011527E-5 2.2718820498881228E-5 1.1827882635933337E-6 0.6212120115149246 2.301873296940363E-4 0.0035869220239452006 3.748784448531424E-4 1.452568510056551E-5 0.0030718409864957364 6.540874052828807E-4 7.77989589367509E-5 
6.55864827162488E-6 8.036290329284606E-7 5.195907847550945E-6 1.991993503555377E-12 0.09824275484211427 0.009672423026904804 8.501272307739643E-4 1.5560169428223273E-8 0.0010927906921169945 0.017477782753259247 3.498325553194196E-4 3.9806220503377953E-4 0.06797208228040684 0.022250261893621323 0.01730833384811029 
3.88213419559883E-4 3.0436961189527057E-6 9.885047784034865E-5 5.691928931483709E-5 0.2219742610787132 0.0029153228316654857 0.0018069093327757137 0.05202310844822185 5.692551047487311E-4 0.0041690773851629885 0.0015560548890288417 7.127701482572875E-5 0.010645475311288106 2.6154248725821682E-8 0.005144519060242645 
1.8726728417922498E-11 6.890903331979402E-14 1.0364809765728666E-10 1.1032253504107724E-14 6.766841494623429E-13 1.5912177480640565E-11 1.6021785635093383E-11 5.2877346428031254E-8 0.36740574520434144 0.0019111093567336138 2.961123513361812E-4 1.3979426087911442E-5 2.422229413634673E-6 0.05752804835925323 0.13489540470214326 
0.004104275651575739 7.664601401511907E-6 0.0034679217544745836 2.2528243299425229E-4 0.06930761258711983 4.2782444275221796E-4 0.17497268734670496 5.064401998694595E-4 0.0010909897758955942 1.7203850285307836E-4 0.001234218217307177 2.0908991973318567E-13 0.002943630100577751 0.0032318935787789007 0.0036678013677948207 
9.479124058041287E-6 7.516515945673027E-8 0.004344058718645949 1.7574413607352475E-6 1.7642862764011527E-5 2.2718820498881228E-5 1.1827882635933337E-6 0.6212120115149246 2.301873296940363E-4 0.0035869220239452006 3.748784448531424E-4 1.452568510056551E-5 0.0030718409864957364 6.540874052828807E-4 7.77989589367509E-5 
9.066905799675552E-13 4.136277199108255E-11 2.0174602749798574E-8 6.63385273945372 0.003930318795051551 0.0038687809134629846 859436.984504851 7.45852375009164E12 0.0 1.0683519516252838E7 1.9848416746501064E9 2830.7924799727675 2.901095881173227E9 137.81903801725434 0.4738412332888372 
8.44772896252744E-43 5.443491982276787E-37 2.2561128624961254E-34 5.0874020395747844E-24 2.0290117003119402E-22 2.208292431149555E-6 3.114263888537492 98140.9721341377 0.0 1.7465233571056982 3.4692568872755396E12 77362.55044629297 1.3903390140145781E12 4600956.324704037 8.025368034656504 
1.8718134473941316E-24 1.166695737413161E-16 3.074916580285917E-14 4.376840816819549E-5 1.4686806503406355E-8 1.8089092634323362E7 7.133536766646339E11 1.5478200477782446E12 0.0 2.342296137978901E12 3.1214039879213085E10 8450.915363407625 7488248.379366527 2.999038230356744E9 27844.308066390426 
2.328324684477663E-16 2.4521747930809896E-12 3.0281834330219904E-10 0.0024848300519524557 72.0997876520855 7342662.242992085 2.617026066819091E12 4.788481631283945E10 0.0 369231.4520586873 746948.5130033277 149.21529686415397 1.6019752759607097E12 0.0015923180689568946 28.932412868484025 
1.3551179775680618E-9 7.308964551887005E-7 2.818296348791961E-9 263.64399193728605 0.14851530678756747 2.624536515929529E12 9.546905164789231E7 6.449660071611186E12 0.0 1.0896225697967838E7 3.941544918159421E9 1.2359746300162318E9 5.988755973594423E7 0.4995382966617952 101.6533969610335 
2.8268093020156407E-26 1.7664582860063606E-18 4.647220905683121E-16 2.8131232042264108E-6 3.083013189032662E-10 1144751.5101633272 1.9381338544233782E12 4.614678091006138E7 0.0 1.0480732332204279E12 4814477.323626492 197500.73717663015 3052830.1218918995 1.4842583644317272E9 17804.29535765651 
8.544574744314001E-16 7.705332935300739E-13 1.1878488465602684E-10 2.9655922997919096E-5 0.30998267534671325 1.0268894340948455E7 1.2175718747385223E13 135149.42379085094 0.0 21437.55167447202 1.6324680197426552E8 0.06362735013474946 2.6809746873272695E7 1.74897339338553 9615.590436381472 
4.456464506595642E-13 1.9546398027731577E-11 3.1134139250080897E-9 1.6769318518657088E8 1.901202860200144E12 1.5049167026616018E9 126770.4578990509 4.9389060189805625E12 0.0 1.862038653231785E7 3.2629107925867934E9 8.135179918032415E8 4.788718600486695E9 0.013213553134741412 56556.22059585778 
2.240098796290478E-22 2.760497690629664E-17 4.1053154632340404E-15 4.5146068737850133E-7 0.011816812478014173 2.1420544570102736E8 1087.676709686586 1.3602779796795789E12 0.0 266797.8364218588 5.0262047109091187E11 9676.845351654783 4.0667624477880654E12 18.15566076851701 46.74134883493249 
3.364655694993383E-19 8.972882634848865E-14 5.870561618962227E-12 3.8385847869581877E-4 66889.8583024722 1.5614169332771351E9 756523.8710976726 1664155.1962347003 0.0 9.064439976272607E12 0.002983434511981082 57957.740609136345 7.649401944214014E8 1.1091823237526097E-8 6.244364355671657 
1.542519780700087E-10 7.792534141118699E-4 0.11556030903915507 4204.101299122259 21.15876413278375 8.849225528800431E11 1.1818022396034465E9 1.3710210830957656E12 0.0 2.2648389791205405E12 2561523.844624614 195906.76248174833 8.159466452551149E7 6.919457920571344E-7 8845.74027401311 
1.910232468342928E-25 1.1906421985516636E-17 3.16509400821959E-15 1.735515992991234E-5 5.823488877542801E-9 7172534.732883649 2.828529946824902E11 6.241772715566837E11 0.0 9.381304373632539E11 1.2501767137364422E10 196693.31842477908 3000135.134783432 1.2015520198614388E9 17624.496467601046 
6.053003686050787E-42 2.0080420382874064E-36 6.064911900261399E-28 1.6653860906179985E-19 3.0096829550140574E-15 4.3697422756944766E-5 6.460766963992946 273911.19474467734 0.0 3.40801465744586E12 5104390.414076295 4217151.6678747395 1.772255598961713E12 7.473873868956189E-6 1517.6392049943756 
1.2286946845839704E-10 3.1785404895119594E-6 5.740070203248907E-4 2758.425385807837 1.8153595645410552 7.147546102520734E11 3.1702473293886207E7 6.936955201354138E11 0.0 4.280577339937098E-6 1.5635074999891543E8 95.43457743335188 2.8604718771371365E8 16.03105089231829 15655.740249210903 
1.6323827450184035E-18 4.880614539207003E-16 7.754089892752821E-13 3.2407334858260985E-6 0.056953070086641175 1.559317967249503E-5 8434.245483537645 3.33649043594073E7 0.0 15.868846201503777 278.6513528038252 2.148440961972532E-11 1532.9318201744823 3.4785600300059473E12 0.004792452890608614 
1.4692709261103503E-13 2.000443755596681E-9 7.970750487491247E-6 23126.655405291836 2.6475507020550695 1.3907548564054836E12 6692660.129378586 2.5890852984910998E8 0.0 1.3966509393048055E7 474219.07705203746 86.64096195101475 6.11113274476271E11 85.49137582073416 4658.752415871426 
3.6842927738628647E-28 5.797627398403776E-23 1.699244326439299E-20 9.590049620705696E-11 3.3649249861131435E-13 5770.569093461476 0.03637759583704231 1.461210298677648E8 0.0 1.2020639720787032E-8 1.7543296632657586E13 9.585051010502644E8 1168529.816177982 0.0031858901249606627 30546.755954987184 
7.725173019041416E-31 1.6693375422661112E-21 1.1439984565733625E-13 9.40186008988767E-6 1672.612229189604 4.5262799148775525E7 1.6788858368913303E12 1.7133888164658463E9 0.0 1.3514696265772383E12 3.154862818908071E7 79711.27600303567 1.558891635257875E7 275.2424593673975 10.040123993724597 
3.398832856711376E-13 3.065002008418038E-10 4.724986098556132E-8 0.011796435574339669 123.3038897202942 8458719.86733326 1.0103353058280453E13 112146.3440895736 0.0 16416.739167859578 1.2217073460022897E8 0.05277813247672865 3.108155387779942E7 1.4515325179751444 8759.87159638673 
3.2122000279188257E-21 1.1103779006284326E-14 4.526750755234677E-18 4.102068050342904E-6 3.5202651651008796E-8 159.27695028484413 5.423524589134928E7 228756.45252033067 0.0 2618.4240480259555 1.813152459905068E13 9379.810518713359 1.0054143305688833E8 1.894512523905264E9 0.6037591599735882 
2.7902814372525593E-13 1.2729124734499577E-11 2.947164128665654E-9 0.33633150906803433 813.135773725408 0.47046037973880844 1.045750813659759E8 8.898484947149234E12 0.0 2.601028226793465E7 2.3851443753363447E9 6.933271167574228E8 4.233334873316374E9 167.28533851179412 0.5248301697239065 
1.4732118732704568E-20 2.2342804280878907E-14 6.574802014044443E-12 6.741222392477882E-7 0.02790001089288043 3.1972944949485965E9 275434.8232752694 1372.8908826370105 0.0 0.06234638788287588 4.943859249580182E12 37997.35078769277 2.0048183567190409E9 0.026853430990999343 3.8768176371444225 
1.3493943625177879E-11 1.21685784668646E-8 1.8684118294856417E-6 0.46661258609949646 4877.333199162941 4.1975090404153556E8 8.727208098541775E12 98044.01664472102 0.0 15551.85079032712 1.184272320297222E8 0.0030169835313827204 1.4692440212571617E7 1.2683012886810936 8188.334437930644 
1.6412830713666043E-9 5.606464185866799E-6 4.886632502984237E-18 653.2350319446314 11.62315417089377 3.7554487997093105E8 1.460401355732506E13 7680740.188130702 0.0 129.3926391608754 22418.06453536671 39125.89660590125 9.033720157203696E10 88.69990405136413 45.38605296313931 
6.093967904492645E-18 2.526375211730216E-14 4.35008880215961E-12 7.897708426315318E-7 1.4508367552669907E-4 4115.465515729004 2.693702085704895E8 336.5500117471346 0.0 52.04795236561884 1.2706698027754563E8 43.428209292571346 1.3175031159129771E13 5.49313985052396E8 44.5143993652524 
2.0977956896718972E-18 1.2800099597677185E-20 4.2419145214709654E-12 0.0017012582455459926 7.074148668185926E-7 7.634311231574951E7 4.854900885030648E12 4405.206659032424 0.0 2.4182483963268315 5284486.369646401 0.004806199771193652 1.2354192729452803E12 0.06507793652646704 8.617319913605005 
1.1564120112607996E-20 5.431059392636013E-17 6.34383166060253E-15 5.779975046214854E-5 0.31926911580346456 8060692.025352481 2.114786126015186E11 1.9798717286966802E12 0.0 6.01639503017047E7 671683.1934774923 3217.30666820483 3.5719410116231626E12 309.64917215574616 20.12101382369058 
8.410785074611348E-14 4.018139971081115E-11 1.0345823573109631E-8 1.2009484197625138 49386.67792735756 2.3402276833890806E12 1.2479412088945007E7 7.071740889779729E7 0.0 4.540168942095653 11909.030279535296 20559.982019132283 2.7376367676668994E12 322.82092068923345 25.028578180835368 
9.2079928497807E-19 5.07998217629318E-13 4.9291365165522406E-11 45.050010964843054 0.008155282688101138 1.368463062826543E12 4.5788933000700563E8 2.3940621033344048E8 0.0 2781419.4752530702 1.4472708026379385E12 10137.76505920101 2.0647806478746455E12 0.09081112940823881 215.94595802040558 
3.005589045494889E-23 1.0266801403715214E-19 6.88666038647026E-13 7.489295986174113E-5 5.157250357898192 4.632000550673007E10 9.55050287468828E12 13312.153371771288 0.0 1.489977889367929 2468951.9738326888 28965.180979322482 2.0305995959842598E8 78.16301447279828 258.9753866663393 
1.0462589843993199E-22 8.376408297311551E-16 3.308675718536945E-13 17997.456529968942 31.349678196123207 3.161439148430738E12 89.19732790915977 1.5975389519484343E12 0.0 1272579.9957100446 3.371929681272701E7 102934.52659375222 2.0227148931796652E8 3.050767861569535 9721.746523375708 
1.0255136728166559E-19 4.523983893652102E-16 5.691892225556284E-14 7.189115379377761E-6 72.41197274180584 1.297362740359447E12 6513480.925744244 1377533.2287331168 0.0 249806.00935609097 3.726736846121012E11 2.182507214987546E8 3.558609002131472E12 5.485331762392447E8 53476.005295892406 
8.85903721657392E-10 1.8435745128076784E-4 35139.71028906708 1.7507259527365056E8 1.3847628647977424E12 2.0142310531807919E9 0.05230629269135566 4.654146038735616E12 0.0 388.35135845272924 4.255477003385712E7 17521.22494323658 5.038113210670229E9 25236.489041162706 0.0013598760370204695 
4.988060308815694E-18 4.3012275316595505E-13 2.0750702126839324E-15 1.1559142515860087E-4 26.117413668142486 221112.1174987357 1.9376059945021217E9 7.135717100645382E11 0.0 6.085172548462417E11 1.7075394562016706E9 170353.12450603704 1.1714256115880615E12 185.7175088705542 113.24836916940224 
1.4031230172965259E-25 1.6668701116887593E-20 2.8632250761216327E-18 2.2317355005205932E-12 1.971955669728834E-15 3.4187163403714087E-4 112899.85197758679 1.4684774889112707E10 0.0 1533.096531255109 21227.285816127867 877322.901841336 1.2009340391420578E13 12.513092092121495 269.000196660722 
1.0253669747649145E-12 1.8067169050539822E-8 5.4219332174240825E-6 18644.44031942115 34.98033009558968 1.0864458980904667E12 5323912.506153601 400737.7990937041 0.0 2.147619225479042E11 1.6848119053719895E12 6742.261875982397 6960807.581189388 61.17483908075069 25813.467597615225 
1.3141573252129381E-15 1.1702843411413324E-11 1.2235614173133695E-9 9.818841475689421E-5 0.7077100249180298 2.3538528784739677E7 7.438743765404242E12 1.9785615148824993E8 0.0 4642.893047747759 2.3975092722040966E8 6349.878488373656 1.4858785174795513E12 11.894104755994341 0.5564131026223934 
3.3192067533450216E-18 2.023588468497134E-12 3.002646506889806E-10 0.03301783506455306 864.2293255995345 1.5666037539512238E13 7.954785700726692E7 1.6569264579497612E8 0.0 3029932.4564315467 7.956451733275744E7 43118.18334660873 1.1320325289539582E8 74.06505566223464 313.05445637038144 
8.084818913367314E-23 5.556564613215913E-15 7.892908512932612E-13 0.009068914911829932 1465.4751836838857 8.936709889106015E8 4.649240885505478E12 1.1499421250939177E7 0.0 2.3575356991088447E12 17368.01849831586 3102.088768342712 5.638547726336075E7 927385.6316146248 27046.69812445981 
7.146661322053834E-23 2.271174534291023E-17 7.201682441342141E-16 6.926672607405375E-9 7.283321638776766E-12 10.49672235924658 3600405.793678118 5080633.868932605 0.0 0.09015625602352594 0.014218871800433588 8.380038548230797E-4 79.21613292197722 8.420832427957553E12 0.8966692744361299 
1.0860202352002644E-28 1.0913247316914388E-20 1.898936942942332E-14 109.80828643809213 0.045655768920334724 4.927099581921615E12 249336.75467676303 3708258.9417490363 0.0 2.5608363918058803 1096364.8983009977 173380.8449157863 1.1530675380321672E12 4.913517910050979E9 8.724924300313445 
3.9361163209431025E-9 4.658543175857676E-5 0.008449592393079559 1490.8324466264335 1.845773749347091 7.381758655668856E12 4.6701753477495745E7 1.6899148780408613E7 0.0 4431368.900370282 6528558.279033951 6911.614514103652 4.699152432043557E8 42.33781503224851 65.34755699795363 
7.910106934553596E-13 3.996044596551816E-6 5.925981717232226E-4 21.558809978216118 0.10850304092525483 2391809.959804072 1.1046120499453232E12 1.597320370366943E12 0.0 2.6386709012392466E12 2984326.256282487 251347.80185637635 9.608851170063123E7 8.06188659529667E-7 252.1972932591195 
5.2961346381050555E-20 3.2212002778000516E-13 8.612762906642021E-11 4328265.932661818 6.624297004595041E12 1.6232139543288887E8 1.4784085997222591E7 8.290666652014029E7 0.0 162304.17680233376 1.5992909581617136E7 12215.92300476334 2.308289992895007E7 43.15766693005963 5.610877442485503 
4.293715729377548E-22 2.6762602042968622E-14 3.801460459272465E-12 0.019471965475747626 7.592550178989266E-6 4.6643274568958914E8 4.688633962850259E12 2205071.5470073894 0.0 2.287342396165247E12 3.0160362891976637E8 470150.0424427567 1353639.361750012 2.8696961532667513E9 27237.25814315615 
3.370941597637563E-14 1.8802565240467142E-11 1.4417548665157348E-9 0.00854622125414645 65.8282657717101 2578178.0421325383 1.330789426813769E12 3.3859569054346173E11 0.0 1.846759615675132E12 47947.29298394693 57803.78614525983 4.283164400521949E7 1.3930229330802142 6.565113532832863 
7.466818298578937E-21 5.666225581161671E-15 1.0275467714852637E-12 1.8550004654263807E-7 3.4077009570402656E-5 966.6336150985584 6.326922131048924E7 1.985421612202811E7 0.0 29.60846538342809 8.782959788303186E7 26.79888580761323 1.5754359314355492E13 1.9309638412865198E8 46.85362943352411 
3.044006570036275E-27 1.2110848282626146E-20 2.7871356794981364E-12 0.026232465083821745 0.7326297331059817 5.273387667142382E11 1.2001745031189258E8 1747310.1394945856 0.0 5.888621581435997E11 3.0408108756158955E12 2743.278534822546 3.418013648658846E7 7.041624877844556E-6 91.42965052767923 
7.324568028424073E-25 3.2761937032164183E-18 4.734746615487427E-16 2.7465224039963423E-5 0.2858459470908927 9469309.293435795 1.0995441332242795E13 122050.79975134984 0.0 19359.833384338282 1.4742499212311208E8 5952.595026426017 2.421247561936045E7 2.040812487128931 9124.968818990508 
1.1140774794239152E-15 4.567618396968696E-9 1.0698028620317492E-6 1.4100852702512348 4.104609736667926E-4 9.265215199674741E11 4.0544074910059325E7 68019.21763736161 0.0 9.063060458372535E11 3.96886495563003E12 8100.500726667394 5.234050782422092E9 279.79560133600853 134.62268479970436 
1.2323896343626427E-7 5.663049447486801E-4 0.06863203928151052 7.81674386418994E7 8167.121585167919 1.7333842388113342E11 848965.3324975008 6.739823646681992E11 0.0 6448.125621282394 478554.5752816001 20.5533177763888 6.825546304298445E11 27.449397235299653 5151.5046126278385 
3.460060387659725E-29 3.135668088480324E-25 6.746508716448403E-22 1.1128270861014743E-11 8.960909628826343E-15 6.96642455835347E-5 3011.688611447134 30.025009537619184 0.0 1.29517829562638E8 30763.67607294285 8053.595971072618 8.673151308590692E12 14.277199342962302 358.73057265446556 
2.770249897392453E-20 1.473258584688193E-16 1.7897944345958625E-14 0.0010457844106545827 24538.393763744207 2.5480528340308186E7 1.0211229113851484E13 6.264621143731588E9 0.0 1.854301157750949E8 1.9314203952614576E7 0.9499512527021381 3.182786086733543E8 2.900272430601402E8 18.554838861084125 
1.6258705639474275E-19 8.701563619740428E-11 2.9637138047291584E-4 2792097.0638289214 8.750744986056404E7 1.970123292275906E12 9381970.698511973 102925.98139705016 0.0 202105.27438601424 2.6982124336309946E12 15988.820905938475 3.0330697743730213E7 10404.706593041774 1216.4797382195109 
2.2463188952313605E-11 6.571894253512851E-9 9.879462055428582E-7 0.6277516139563487 514.9259878962587 3.984048721540254E8 1779.1713501055997 1.9824243506463694E12 0.0 1.458262903099844E12 300662.9779284169 2999.110110966848 23740.08083066281 225.96820763297794 109.84456118074804 
1.8935230097440746E-20 8.802438417218611E-17 1.0705105727477985E-14 0.0011546249916936804 1631.6702888788989 1696468.3761827643 6.705391067779508E11 1.5675571980794934E12 0.0 28543.550641172977 106663.1568436059 1.8198808686928093E8 1.9971784765687222E12 0.011689954530680636 20.845642597695335 
1.3903341483175138E-23 9.771570107886E-18 1.6601522734612722E-20 9.766878614313346E-7 0.16934326780432546 639662.9427612206 3.840028506663909E12 3.25418795626072E12 0.0 2.4367170985694468E7 3.646962084582102E9 146.17349693092024 3.5345955804245085E7 2.3343257552609434E9 100.6044123472938 
5.368659645262228E-27 4.5560142737668035E-23 1.7155640712479473E-20 2.42161028648582E-11 0.00145142680058497 2.2370341754020564E7 8.821277968197107E12 50442.74328804029 0.0 4152176.990505279 1464664.2757676414 3278.175995622794 3.918612078557267E7 7.573979284445019E7 5162.147406622793 
2.483013720265674E-24 1.0913052985104239E-17 2.3058489971002877E-22 4.002699657052234E-7 7.488020138865704E-10 276222.8443729375 7.90927824555806E11 43511.04750925045 0.0 7.732320369283815E11 3.847641560526373E12 7244.6049473044795 5.976877600776313E7 255.63659414916506 89.49017271791705 
6.460019451800446E-32 7.674318796281658E-27 1.3182372079011843E-24 2.6761618749791546E-11 2.1247231664471413E-14 0.004077537404923043 1346567.9033168126 1.5466422075487803E10 0.0 1478.947130920618 22649.86303781914 854963.1584363373 1.2805488309888172E13 198.95760226819198 0.27238599328565904 
8.147065579683648E-26 3.580703466056306E-19 2.5744693836019503E-24 0.0030769413483027 1.5646181324990825E-6 400992.9487811846 1.148393444064879E12 395728.31391119905 0.0 5.481504297783825E11 4.040728285510429E12 1.0441890972862267E9 3.579003164095213E7 272.7263199771641 92.43306648347126 
0.05526096958252356 5953.123632174369 0.4568306189043177 7.805519117045764E9 3.267692794198476E12 1.8175736357949564E8 830350.817027245 1710881.2687900385 0.0 2.7526823932410735E-10 1.3199537234986689E7 9.827236150718548E-5 3.633527841063334E8 921.6513264952056 36.06067979091229 
9.644523806930338E-20 4.529525904182057E-16 5.312997860688703E-14 0.00585767256923024 314.2538648435088 3138365.419191268 8.396689181268263E10 7.8610159770487E11 0.0 2.2987616376433823E7 6.913473967838015E11 1170.0427869645475 9.896313027930196E7 30310.222862255003 0.52956930076865 
2.5441468466627455E-14 5.7019064785066584E-9 1.4012707163102151E-6 24.540653359198064 94269.52701652254 5.21062960456524E12 1.9369901094349664E7 6.042351279047308E8 0.0 2.645589841517428E12 3.105398244488885E7 4830.134056797827 5.314428500382887E9 312.03135034142326 550.1488808075187 
1.2575118947055906E-11 1.3244024730547185E-7 1.6355007150688033E-5 134.20393502176523 0.27717514344060595 1.477468108391303E7 5.279592701421152E12 9.660248681744731E10 0.0 1432.2126034706782 1609160.0203472306 300.8453095018506 986314.2213304142 4.999021440389724E-5 6525.812683026773 
1.1416753441196905E-22 3.044626196115682E-17 5.789276125035486E-14 1.8785081364808652E-6 1.7750285249696582 42074.33842938439 2.3781815291800394 1.5467598655905504E9 0.0 8.058030554976386E12 1370.8568690124557 269745.14514802437 6.492897669701456E8 0.0026030189712452335 6.278778494224216 
3.3492041293597133E-25 1.5064901977916292E-21 4.0590283123315663E-19 9.374894090957148E-9 3.792615573630417E-7 131701.2573936979 3.467227295340402E-4 3.371121639646494E8 0.0 6169.0276656156 5.886701271547462E12 126597.71328411734 4509548.515276159 2977811.5411954178 6.456386293538746 
9.498171427426686E-22 7.515514345992509E-19 2.3313941660538683E-15 1.1993966442723342E-10 2.0979599635189365E-13 3.613412872885205E9 17728.376673641247 4.845587173267076E12 0.0 2.7835197365118023 1135559.432826134 4839.150256097621 1.2583547908883647E12 230.60958269100615 8.768752811169634 
6.765408990071123E-18 5.210358042721522E-15 1.6178208095569784E-11 8.322954900847746E-7 2.309465704903143E-9 46402.993620915644 3.7379779805636573E9 5.025725062059387E12 0.0 2.8869989126812574 1171915.4844593974 5019.037074020064 1.305131895787131E12 239.18208443559143 8.930247097083429 
8.266608604221566E-33 2.7195430226247177E-27 7.0621555576188295E-25 2.989415024997027E-15 3.2489131260477487E-18 3.083058514183316E-4 109.47964927950554 3884013.3447092404 0.0 0.020501986352803158 0.003233443007312518 1.6223181573991582E-7 8451231.127385635 1.160590649907997E13 1.0120674361087805 
9.819801035541474E-22 2.973335686310922E-17 6.2712721798547675E-9 5.377011563122369 121.152441810617 1.5030189865597876E7 3.06042949986205E12 1.1561954603688024E7 0.0 80261.19882498753 4620933.378628295 57779.6858605116 1.8001433050939565E12 7.097709741226819E-6 8359.68249152202 
6.215646763585154E-22 6.534982127953298E-14 1.7680429488318258E-11 8.516894794901831E-5 9.479147496805883E-8 4.392925204401683E7 325533.6820152881 14.17758922102492 0.0 931.3928437048502 4.3915242164862476E12 87929.23546052267 2376333.718557888 0.00289305287734068 3223.728156762358 
7.536460792346559E-17 4.592552627174636E-10 3.185963918563277E-13 14746.612581735304 25.687058697365945 1.1425503287007456E12 55818.10156670449 2.1656751586712197E12 0.0 33.84286836693194 2.350572284155132E7 68525.0793180714 1.4100278579453966E8 3851679.064648113 8123.134560068665 
4.8015267317805E-22 3.371575999867849E-14 4.9532374349376115E-12 0.0019561435876107648 6.457324910616127E-7 6.220656544457271E7 2.4496491863008594E12 1.1287821655263848E12 0.0 1.2966538390674391E8 1.7485338981405563E10 564.8528910905059 1.4425097194371086E8 0.011800408775487086 28.698146167174055 
8.4522390255724E-16 1.5934081446738273E-4 0.026614701769075853 4904.110258006773 3.0248418836671334E7 1.1481752095503115E13 1.079413496942126E8 4283461.690566182 0.0 2073050.5632504635 2112.340455775905 6.914447157041932E8 6.6460108788288765E9 5.359369482254E8 44898.44171311244 
4.386483835225949E-21 1.5987805764281427E-16 1.6538842646031563E-14 1.311098044378041E-7 1.191112927847471 3.872172879083035E7 1.350192774786802E13 3.59063862156264E8 0.0 1.8962046255807606E10 5.214061118030227E7 12304.320669188777 4.276141761920158E10 0.00635438213193054 0.5662761802155515 
1.3595016972323996E-37 7.606671222194114E-31 1.849634517660924E-24 31.545064923464494 868.7643377423624 2.4473987429085825E12 1.1954895485699292E7 2.185013867033818E8 0.0 2.3796230457309116E12 2.094707592831144E7 6.632952173305244E8 3.2378782709246363E7 0.01268011085659639 7115.765774864748 
6.41836279790839E-33 2.887014427146296E-29 7.778658842304239E-27 1.9024223251832652E-16 7.696250884123612E-15 0.004686108138889727 140.9923148059352 365028.53915261454 0.0 6.232355784094532 6.94307164640327E12 153352.95228503644 4210971.834373875 3459395.841012985 6.958906990361526 
0.18319448447748266 59348.268080271126 7258836.25002329 5.587849747663006E12 8.050538868672012E8 1.404139575541174E8 5.741370435517457E10 8239.959507555652 0.0 5.275792297624363E-10 9.539453183904813E7 1538.4715488835814 4.111876803749805E7 2.9127686925877797E-5 0.008496823113146172 
2.9561680407018504E-14 1.4323865143300958E-10 1.770918499713388E-8 5.925082711352495E7 17017.221897799525 7.847832330680629E11 49474.61675338349 7.557083502075405E12 0.0 88764.32092232343 1.160692236746996E8 8.668208416884526E8 4.636923262705105E9 0.012794702931019008 54298.499370826925 
4.1195174396875616E-22 3.2957346434333486E-18 3.2717227781137546E-16 1.3211101061938648E-8 0.19099024730143968 890.4848480580852 0.3033177914321718 0.024372004676009584 0.0 0.0018934227643505968 5.479867397982672E12 1.329560773536835E8 2.056248825074571E12 46.19188367633126 5086.6071446401065 
5.406797947949522E-18 4.409434301234991E-15 6.803991928432936E-13 1.7338185086372394E-7 1.2054789392580535E-4 93.81867829194293 5.110050403372178E8 2.528231658482799E12 0.0 2.0287229961523833E12 399216.3356531444 5.480728524438459E8 2.0063249831113942E7 1.2228310214633298 7924.752850696203 
2.6033796130827026E-21 8.892892894344471E-18 3.3084846278333206E-11 0.003598970691293847 0.13567806576764116 1.6354155846692197E9 8.463721997680261E12 10599.780147025396 0.0 1.1863924348046733 13203.2143822057 23043.36308644135 1.6154514555545133E8 45.32621345253168 230.98997369567965 
2.587493997991911E-22 1.215209929016728E-18 1.4254047531094632E-16 1.4123421546036122E-5 0.757697081389196 2.3207481596673403E7 6.088419585680223E11 1.5161960746337622E12 0.0 23115.041389442053 2.0089974276517434E12 4.7910954011984503E8 2.912464431518029E8 89202.35824044599 18.54504217967062 
2.4410054506833992E-29 2.5664146630577863E-21 6.8669920465176315E-19 3.4913944769162567E-12 1.824183621269786E-7 83668.26957728242 0.669341198056013 6.100847389599581E-5 0.0 1.48074233401202 1.5395212459976455E12 19909.919148663812 1.2579316179155254E12 575.8352052117732 247.39397220349028 
2.235392542476186E-15 3.6089535443227617E-12 4.5913663767819486E-10 19.341490283152584 0.03991653848944128 9364231.924796132 3.3352242994864106E12 6.102572293836969E10 0.0 106956.59119493622 1016829.3569652468 294.2975890610892 1.5733520246259889E7 3.1685598501154756E-5 5195.448704761378 
2.097441272174594E-29 2.2051995149393945E-21 5.900483560996706E-19 2.9999912008702747E-12 1.5674352608286766E-7 71892.21217580278 0.575133436746904 1.067024123900398 0.0 1.6459438908536E-5 1.3218763481310522E12 17095.21793495304 1.2377482207325977E12 486.7245273106122 236.91174618437637 
1.5589050496026907E-9 4.143675997416099E-4 0.11761261481013863 3.9988182802453125E8 41779.42715704979 8.867236735169452E11 4342935.867681294 4.236903093717639E11 0.0 570.8907925401668 808991.1841931251 82.68447225548988 1.0319175352953807E8 16.868938248733716 4038.4207170619134 
1.3467893081115361E-18 4.376298081869365E-13 3.298064866507588E-11 0.002129204495950278 2.318976633301827E-8 12.571718258491025 9.42207089230676E8 982801.4311644417 0.0 1.1910980018651506E13 7.538736358340734E7 665.8871891433415 8.461209687772772E7 0.06274682050088044 0.03872227756947343 
3.0506057270017364E-13 7.820704099786977E-8 2.2199574565992432E-5 70043.54938437487 7.914738263873381 4.209827845693918E12 2.025874537262956E7 7.837185632646184E8 0.0 8.529069769490158 1347989.6539956045 71.08143854465298 1.719437464688869E8 28.107947992271747 5212.934373946526 
2.1382322514157946E-24 2.2576520780096497E-20 4.318447428392547E-16 3.0375206298992744E-9 0.011462048652130656 1.856600249536003E7 7.291061283463322E12 2.7162262245362546E7 0.0 102266.11867289848 1.3656476243411613E8 61082.236984186595 3.5220148580286093E9 0.00915078982770914 0.22137355145438437 
1.3383946984027523E-16 1.1951347619988383E-10 3.493924197135427E-8 0.9068775689688601 3.0428567551089777E-4 5.8670066623750824E10 33109.69900060107 1.5095818603924304E12 0.0 4536217.07406249 2.3612242645187085E12 2888.156141355905 7.00422828056282E8 184.2734233952336 6.375564482779897 
7.914531645261763E-35 1.098639277536986E-28 8.759648897206108E-23 9.546549942745267E-18 3.9488995339741906E-13 0.027749129535282996 997.1173403890463 9.881271790374671E7 0.0 22.337112866565384 9.061859625141764E12 105695.66396863974 1.847142709371333E7 0.00945372333835806 25.24361978935839 
3.351984781741026E-34 9.875182009606212E-30 5.6883255615295365E-21 1.5619287436304293E-12 3.591464205433409E-11 1.6732054640706844 336355.28649976716 1.2707288816964346 0.0 4.1791579862526074E12 6259378.584928253 5171381.2420178 1.4524538838358542E12 0.055481747639164254 8774.204632363779 
2.4477080036376848E-19 2.219579748776591E-15 4.560119079856033E-14 1.4586900143372214E-4 1.5477660451494375 3.789495599932093E7 1.2427303326333977E13 5223918.177379828 0.0 11190.2797117518 2863704.9258644977 10405.269071346323 3.616161088146743E10 200.44290558435256 95.07362855636629 
